BoneCount: 70
RootBone: 0
BoneName: -2028137368
BoneIndex: 0
ParentIndex: -1
ChildCount: 4
1
67
68
69
1.000000 0.000000 -0.000000 0.000000
0.000000 1.000000 -0.000000 0.000000
-0.000000 -0.000000 1.000000 -0.000000
0.000000 0.000000 -0.000000 1.000000
1.000000 0.000000 0.000000 0.000000
0.000000 1.000000 0.000000 0.000000
0.000000 0.000000 1.000000 0.000000
0.000000 0.000000 0.000000 1.000000
BoneName: -2028136088
BoneIndex: 1
ParentIndex: 0
ChildCount: 3
2
57
62
1.000000 0.000000 -0.000000 0.000000
0.000000 1.000000 -0.000000 0.000000
-0.000000 -0.000000 1.000000 -0.000000
0.000000 1.187161 0.018257 1.000000
1.000000 -0.000002 0.000000 0.000000
0.000002 1.000000 0.000000 0.000000
-0.000000 0.000000 1.000000 -0.000000
-0.000002 -1.187161 -0.018257 1.000000
BoneName: -2028137048
BoneIndex: 2
ParentIndex: 1
ChildCount: 1
3
1.000000 0.000845 0.000109 0.000000
-0.000845 1.000000 0.000000 0.000000
-0.000109 -0.000000 1.000000 -0.000000
0.000000 0.132148 0.000000 1.000000
1.000000 -0.000847 -0.000109 0.000000
0.000847 1.000000 -0.000000 0.000000
0.000109 0.000000 1.000000 -0.000000
-0.001119 -1.319308 -0.018257 1.000000
BoneName: -2028039456
BoneIndex: 3
ParentIndex: 2
ChildCount: 1
4
1.000000 -0.000366 -0.000047 0.000000
0.000366 1.000000 -0.000000 0.000000
0.000047 0.000000 1.000000 -0.000000
-0.000000 0.092242 -0.000000 1.000000
1.000000 -0.000481 -0.000062 0.000000
0.000481 1.000000 -0.000000 0.000000
0.000062 0.000000 1.000000 -0.000000
-0.000601 -1.411551 -0.018257 1.000000
BoneName: -2028038976
BoneIndex: 4
ParentIndex: 3
ChildCount: 3
5
9
33
1.000000 -0.000481 -0.000062 0.000000
0.000481 1.000000 -0.000000 0.000000
0.000062 0.000000 1.000000 -0.000000
-0.000000 0.110630 -0.000000 1.000000
1.000000 -0.000000 0.000000 0.000000
0.000000 1.000000 -0.000000 0.000000
-0.000000 0.000000 1.000000 -0.000000
0.000131 -1.522181 -0.018257 1.000000
BoneName: -2028136728
BoneIndex: 5
ParentIndex: 4
ChildCount: 1
6
1.000000 0.000000 -0.000000 0.000000
0.000000 1.000000 -0.000000 0.000000
-0.000000 -0.000000 1.000000 -0.000000
-0.000060 0.237235 0.014462 1.000000
1.000000 -0.000000 0.000000 0.000000
0.000000 1.000000 -0.000000 0.000000
-0.000000 0.000000 1.000000 -0.000000
0.000191 -1.759416 -0.032719 1.000000
BoneName: -2028136408
BoneIndex: 6
ParentIndex: 5
ChildCount: 2
7
8
1.000000 0.000000 -0.000000 0.000000
0.000000 1.000000 -0.000000 0.000000
-0.000000 -0.000000 1.000000 -0.000000
-0.000000 0.100371 -0.035295 1.000000
1.000000 -0.000000 0.000000 0.000000
0.000000 1.000000 -0.000000 0.000000
-0.000000 0.000000 1.000000 -0.000000
0.000191 -1.859787 0.002577 1.000000
BoneName: -2028038784
BoneIndex: 7
ParentIndex: 6
ChildCount: 0
1.000000 0.000000 -0.000000 0.000000
0.000000 1.000000 -0.000000 0.000000
-0.000000 -0.000000 1.000000 -0.000000
-0.000000 0.177830 -0.038036 1.000000
1.000000 -0.000000 0.000000 0.000000
0.000000 1.000000 -0.000000 0.000000
-0.000000 0.000000 1.000000 -0.000000
0.000191 -2.037617 0.040612 1.000000
BoneName: -2028039072
BoneIndex: 8
ParentIndex: 6
ChildCount: 0
1.000000 0.000000 -0.000000 0.000000
0.000000 -0.000000 -1.000000 0.000000
-0.000000 1.000000 -0.000000 -0.000000
-0.032933 0.047659 -0.063393 1.000000
1.000000 -0.000000 -0.000000 0.000000
0.000000 0.000000 1.000000 0.000000
-0.000000 -1.000000 0.000000 -0.000000
0.033125 -0.065969 -1.907446 1.000000
BoneName: -2028040512
BoneIndex: 9
ParentIndex: 4
ChildCount: 1
10
-0.018991 0.009654 0.999773 0.000000
0.891234 -0.453043 0.021304 0.000000
0.453146 0.891436 -0.000000 -0.000000
0.113049 0.198860 0.039660 1.000000
-0.018991 0.891234 0.453146 0.000000
0.009654 -0.453043 0.891436 0.000000
0.999773 0.021304 0.000000 -0.000000
-0.072374 0.677836 -1.585367 1.000000
BoneName: -2028038880
BoneIndex: 10
ParentIndex: 9
ChildCount: 1
11
0.999773 0.021305 0.000001 0.000000
-0.018992 0.891214 0.453185 0.000000
0.009655 -0.453082 0.891416 -0.000000
-0.000000 0.126868 -0.000000 1.000000
0.000001 1.000000 -0.000044 0.000000
-0.000000 0.000044 1.000000 0.000000
1.000000 -0.000001 0.000000 -0.000000
-0.060620 -0.226060 -1.663555 1.000000
BoneName: -2028038592
BoneIndex: 11
ParentIndex: 10
ChildCount: 1
12
0.999848 0.017452 -0.000000 0.000000
-0.017452 0.999848 -0.000000 0.000000
-0.000000 -0.000000 1.000000 -0.000000
-0.000000 0.307366 0.000000 1.000000
0.017453 0.999848 -0.000045 0.000000
0.000001 0.000045 1.000000 0.000000
0.999848 -0.017453 0.000000 -0.000000
-0.069920 -0.532289 -1.663554 1.000000
BoneName: -2028040608
BoneIndex: 12
ParentIndex: 11
ChildCount: 5
13
17
21
25
29
1.000000 0.000000 -0.000000 0.000000
0.000000 1.000000 -0.000000 0.000000
-0.000000 -0.000000 1.000000 -0.000000
-0.000000 0.267131 -0.000000 1.000000
0.017453 0.999848 -0.000045 0.000000
0.000001 0.000045 1.000000 0.000000
0.999848 -0.017453 0.000000 -0.000000
-0.069920 -0.799420 -1.663554 1.000000
BoneName: -2028037920
BoneIndex: 13
ParentIndex: 12
ChildCount: 1
14
0.859921 0.509897 0.023258 0.000000
-0.447210 0.774600 -0.447212 0.000000
-0.246048 0.374166 0.894125 -0.000000
-0.026044 0.043449 -0.025668 1.000000
0.524827 0.766697 0.369774 0.000000
0.023282 -0.447178 0.894142 0.000000
0.850891 -0.460660 -0.252541 -0.000000
-0.505601 0.099219 -1.769052 1.000000
BoneName: -2028040416
BoneIndex: 14
ParentIndex: 13
ChildCount: 1
15
1.000000 -0.000005 -0.000000 0.000000
0.000005 1.000000 -0.000005 0.000000
0.000000 0.000005 1.000000 -0.000000
-0.000000 0.045232 0.000000 1.000000
0.524823 0.766697 0.369778 0.000000
0.023284 -0.447182 0.894140 0.000000
0.850893 -0.460655 -0.252543 -0.000000
-0.505601 0.053994 -1.769052 1.000000
BoneName: -2028039936
BoneIndex: 15
ParentIndex: 14
ChildCount: 1
16
1.000000 0.000005 0.000000 0.000000
-0.000005 1.000000 0.000010 0.000000
-0.000000 -0.000010 1.000000 -0.000000
-0.000000 0.036364 0.000000 1.000000
0.524827 0.766699 0.369770 0.000000
0.023282 -0.447173 0.894144 0.000000
0.850891 -0.460662 -0.252539 -0.000000
-0.505601 0.017614 -1.769052 1.000000
BoneName: -2028037632
BoneIndex: 16
ParentIndex: 15
ChildCount: 0
1.000000 0.000000 -0.000000 0.000000
0.000000 1.000000 -0.000000 0.000000
-0.000000 -0.000000 1.000000 -0.000000
-0.000000 0.039073 0.000000 1.000000
0.524827 0.766699 0.369770 0.000000
0.023282 -0.447173 0.894144 0.000000
0.850891 -0.460662 -0.252539 -0.000000
-0.505601 -0.021459 -1.769052 1.000000
BoneName: -2028037344
BoneIndex: 17
ParentIndex: 12
ChildCount: 1
18
1.000000 0.000001 0.000000 0.000000
-0.000001 1.000000 0.000007 0.000000
-0.000000 -0.000007 1.000000 -0.000000
-0.034024 0.121116 -0.003159 1.000000
0.017454 0.999848 -0.000053 0.000000
0.000001 0.000053 1.000000 0.000000
0.999848 -0.017454 0.000000 -0.000000
-0.035897 -0.920548 -1.660388 1.000000
BoneName: -2028083504
BoneIndex: 18
ParentIndex: 17
ChildCount: 1
19
1.000000 0.000000 -0.000000 0.000000
0.000000 1.000000 -0.000000 0.000000
-0.000000 -0.000000 1.000000 -0.000000
0.000000 0.045091 0.000000 1.000000
0.017459 0.999848 -0.000051 0.000000
0.000001 0.000051 1.000000 0.000000
0.999848 -0.017459 0.000000 -0.000000
-0.035901 -0.965637 -1.660390 1.000000
BoneName: -2011802704
BoneIndex: 19
ParentIndex: 18
ChildCount: 1
20
1.000000 0.000012 -0.000000 0.000000
-0.000012 1.000000 0.000002 0.000000
0.000000 -0.000002 1.000000 -0.000000
0.000000 0.029072 0.000000 1.000000
0.017471 0.999847 -0.000053 0.000000
0.000001 0.000053 1.000000 0.000000
0.999847 -0.017471 0.000000 -0.000000
-0.035914 -0.994711 -1.660388 1.000000
BoneName: -2011803088
BoneIndex: 20
ParentIndex: 19
ChildCount: 0
1.000000 0.000000 -0.000000 0.000000
0.000000 1.000000 -0.000000 0.000000
-0.000000 -0.000000 1.000000 -0.000000
0.000000 0.029817 0.000000 1.000000
0.017471 0.999847 -0.000053 0.000000
0.000001 0.000053 1.000000 0.000000
0.999847 -0.017471 0.000000 -0.000000
-0.035914 -1.024528 -1.660388 1.000000
BoneName: -2011800592
BoneIndex: 21
ParentIndex: 12
ChildCount: 1
22
1.000000 -0.000012 0.000000 0.000000
0.000012 1.000000 -0.000012 0.000000
-0.000000 0.000012 1.000000 -0.000000
-0.000000 0.130938 0.000000 1.000000
0.017440 0.999848 -0.000033 0.000000
0.000001 0.000033 1.000000 0.000000
0.999848 -0.017440 -0.000000 -0.000000
-0.069908 -0.930340 -1.663566 1.000000
BoneName: -2011803856
BoneIndex: 22
ParentIndex: 21
ChildCount: 1
23
1.000000 -0.000001 -0.000000 0.000000
0.000001 1.000000 0.000023 0.000000
-0.000000 -0.000023 1.000000 -0.000000
0.000000 0.036202 -0.000000 1.000000
0.017440 0.999848 -0.000057 0.000000
0.000001 0.000057 1.000000 0.000000
0.999848 -0.017440 0.000000 -0.000000
-0.069908 -0.966581 -1.663543 1.000000
BoneName: -2011802800
BoneIndex: 23
ParentIndex: 22
ChildCount: 1
24
1.000000 0.000023 -0.000000 0.000000
-0.000023 1.000000 -0.000014 0.000000
-0.000000 0.000014 1.000000 -0.000000
0.000000 0.028325 0.000000 1.000000
0.017463 0.999848 -0.000043 0.000000
0.000001 0.000042 1.000000 0.000000
0.999848 -0.017463 -0.000000 -0.000000
-0.069931 -0.994881 -1.663557 1.000000
BoneName: -2011804240
BoneIndex: 24
ParentIndex: 23
ChildCount: 0
1.000000 0.000000 -0.000000 0.000000
0.000000 1.000000 -0.000000 0.000000
-0.000000 -0.000000 1.000000 -0.000000
0.000000 0.047156 -0.000000 1.000000
0.017463 0.999848 -0.000043 0.000000
0.000001 0.000042 1.000000 0.000000
0.999848 -0.017463 -0.000000 -0.000000
-0.069931 -1.042037 -1.663557 1.000000
BoneName: -2011802320
BoneIndex: 25
ParentIndex: 12
ChildCount: 1
26
1.000000 0.000016 0.000000 0.000000
-0.000016 1.000000 -0.000010 0.000000
-0.000000 0.000010 1.000000 -0.000000
0.035231 0.129188 0.000159 1.000000
0.017469 0.999847 -0.000035 0.000000
0.000001 0.000035 1.000000 0.000000
0.999847 -0.017469 -0.000000 -0.000000
-0.105166 -0.928590 -1.663722 1.000000
BoneName: -2011801168
BoneIndex: 26
ParentIndex: 25
ChildCount: 1
27
1.000000 -0.000031 -0.000000 0.000000
0.000031 1.000000 0.000019 0.000000
-0.000000 -0.000019 1.000000 -0.000000
0.000000 0.029360 -0.000000 1.000000
0.017438 0.999848 -0.000055 0.000000
0.000001 0.000055 1.000000 0.000000
0.999848 -0.017438 0.000000 -0.000000
-0.105136 -0.957986 -1.663703 1.000000
BoneName: -2011802032
BoneIndex: 27
ParentIndex: 26
ChildCount: 1
28
1.000000 0.000023 0.000000 0.000000
-0.000023 1.000000 -0.000014 0.000000
-0.000000 0.000014 1.000000 -0.000000
0.000000 0.034356 0.000000 1.000000
0.017461 0.999848 -0.000041 0.000000
0.000001 0.000041 1.000000 0.000000
0.999848 -0.017461 -0.000000 -0.000000
-0.105159 -0.992316 -1.663717 1.000000
BoneName: -2011804048
BoneIndex: 28
ParentIndex: 27
ChildCount: 0
1.000000 0.000000 -0.000000 0.000000
0.000000 1.000000 -0.000000 0.000000
-0.000000 -0.000000 1.000000 -0.000000
0.000000 0.031206 -0.000000 1.000000
0.017461 0.999848 -0.000041 0.000000
0.000001 0.000041 1.000000 0.000000
0.999848 -0.017461 -0.000000 -0.000000
-0.105159 -1.023522 -1.663717 1.000000
BoneName: -2011802512
BoneIndex: 29
ParentIndex: 12
ChildCount: 1
30
1.000000 0.000012 0.000000 0.000000
-0.000012 1.000000 0.000001 0.000000
-0.000000 -0.000001 1.000000 -0.000000
0.065184 0.114793 -0.003161 1.000000
0.017465 0.999847 -0.000046 0.000000
0.000001 0.000046 1.000000 0.000000
0.999847 -0.017465 0.000000 -0.000000
-0.135115 -0.914212 -1.660392 1.000000
BoneName: -2011803568
BoneIndex: 30
ParentIndex: 29
ChildCount: 1
31
1.000000 0.000000 -0.000000 0.000000
0.000000 1.000000 -0.000000 0.000000
-0.000000 -0.000000 1.000000 -0.000000
0.000000 0.024747 0.000000 1.000000
0.017464 0.999847 -0.000046 0.000000
0.000001 0.000046 1.000000 0.000000
0.999847 -0.017464 0.000000 -0.000000
-0.135114 -0.938960 -1.660392 1.000000
BoneName: -2011803376
BoneIndex: 31
ParentIndex: 30
ChildCount: 1
32
1.000000 0.000000 -0.000000 0.000000
-0.000000 1.000000 0.000015 0.000000
0.000000 -0.000015 1.000000 -0.000000
0.000000 0.020738 0.000000 1.000000
0.017465 0.999847 -0.000061 0.000000
0.000001 0.000061 1.000000 0.000000
0.999847 -0.017465 0.000000 -0.000000
-0.135115 -0.959723 -1.660377 1.000000
BoneName: -2011802128
BoneIndex: 32
ParentIndex: 31
ChildCount: 0
1.000000 0.000000 -0.000000 0.000000
0.000000 1.000000 -0.000000 0.000000
-0.000000 -0.000000 1.000000 -0.000000
0.000000 0.029789 0.000000 1.000000
0.017465 0.999847 -0.000061 0.000000
0.000001 0.000061 1.000000 0.000000
0.999847 -0.017465 0.000000 -0.000000
-0.135115 -0.989512 -1.660377 1.000000
BoneName: -2011801456
BoneIndex: 33
ParentIndex: 4
ChildCount: 1
34
-0.018991 -0.009655 -0.999773 0.000000
-0.891213 -0.453084 0.021304 0.000000
-0.453187 0.891416 -0.000000 -0.000000
-0.112786 0.198860 0.039660 1.000000
-0.018991 -0.891213 -0.453187 0.000000
-0.009655 -0.453084 0.891416 0.000000
-0.999773 0.021304 0.000000 -0.000000
0.072376 0.677908 -1.585336 1.000000
BoneName: -2011801552
BoneIndex: 34
ParentIndex: 33
ChildCount: 1
35
0.999773 -0.021305 -0.000001 0.000000
0.018992 0.891213 0.453187 0.000000
-0.009655 -0.453084 0.891416 -0.000000
0.000000 0.126868 0.000000 1.000000
0.000001 -1.000000 -0.000000 0.000000
-0.000000 -0.000000 1.000000 0.000000
-1.000000 -0.000001 -0.000000 -0.000000
0.060620 -0.225984 -1.663559 1.000000
BoneName: -2011801072
BoneIndex: 35
ParentIndex: 34
ChildCount: 1
36
0.999848 -0.017452 -0.000000 0.000000
0.017452 0.999848 -0.000000 0.000000
-0.000000 -0.000000 1.000000 -0.000000
0.000000 0.307366 0.000000 1.000000
0.017456 -0.999848 0.000000 0.000000
-0.000000 0.000000 1.000000 0.000000
-0.999848 -0.017456 -0.000000 -0.000000
0.069921 -0.532211 -1.663559 1.000000
BoneName: -2011800784
BoneIndex: 36
ParentIndex: 35
ChildCount: 5
37
41
45
49
53
1.000000 0.000000 -0.000000 0.000000
0.000000 1.000000 -0.000000 0.000000
-0.000000 -0.000000 1.000000 -0.000000
0.000000 0.267131 -0.000000 1.000000
0.017456 -0.999848 0.000000 0.000000
-0.000000 0.000000 1.000000 0.000000
-0.999848 -0.017456 -0.000000 -0.000000
0.069921 -0.799342 -1.663559 1.000000
BoneName: -2011803760
BoneIndex: 37
ParentIndex: 36
ChildCount: 1
38
0.861386 -0.507636 -0.017876 0.000000
0.447211 0.774601 -0.447209 0.000000
0.240866 0.377225 0.894251 -0.000000
0.027122 0.068000 -0.027898 1.000000
0.522596 -0.766676 -0.372963 0.000000
-0.017876 -0.447209 0.894251 0.000000
-0.852393 -0.460665 -0.247414 -0.000000
0.506399 0.078778 -1.779567 1.000000
BoneName: -2011803184
BoneIndex: 38
ParentIndex: 37
ChildCount: 1
39
1.000000 0.000000 -0.000000 0.000000
0.000000 1.000000 -0.000000 0.000000
-0.000000 -0.000000 1.000000 -0.000000
0.000000 0.045232 0.000000 1.000000
0.522598 -0.766675 -0.372962 0.000000
-0.017874 -0.447208 0.894251 0.000000
-0.852392 -0.460668 -0.247414 -0.000000
0.506398 0.033547 -1.779567 1.000000
BoneName: -2008352992
BoneIndex: 39
ParentIndex: 38
ChildCount: 1
40
1.000000 0.000007 0.000000 0.000000
-0.000007 1.000000 0.000012 0.000000
-0.000000 -0.000012 1.000000 -0.000000
-0.000000 0.036364 0.000000 1.000000
0.522593 -0.766683 -0.372954 0.000000
-0.017877 -0.447198 0.894257 0.000000
-0.852395 -0.460665 -0.247408 -0.000000
0.506398 -0.002842 -1.779567 1.000000
BoneName: -2008352416
BoneIndex: 40
ParentIndex: 39
ChildCount: 0
1.000000 0.000000 -0.000000 0.000000
0.000000 1.000000 -0.000000 0.000000
-0.000000 -0.000000 1.000000 -0.000000
-0.000000 0.039073 0.000000 1.000000
0.522593 -0.766683 -0.372954 0.000000
-0.017877 -0.447198 0.894257 0.000000
-0.852395 -0.460665 -0.247408 -0.000000
0.506398 -0.041915 -1.779567 1.000000
BoneName: -2008352224
BoneIndex: 41
ParentIndex: 36
ChildCount: 1
42
1.000000 0.000007 -0.000000 0.000000
-0.000007 1.000000 -0.000003 0.000000
-0.000000 0.000003 1.000000 -0.000000
0.035264 0.144975 -0.012490 1.000000
0.017449 -0.999848 -0.000003 0.000000
-0.000000 -0.000003 1.000000 0.000000
-0.999848 -0.017449 -0.000000 -0.000000
0.034650 -0.944312 -1.651073 1.000000
BoneName: -2008351264
BoneIndex: 42
ParentIndex: 41
ChildCount: 1
43
1.000000 -0.000009 -0.000000 0.000000
0.000009 1.000000 0.000003 0.000000
-0.000000 -0.000003 1.000000 -0.000000
0.000000 0.045091 0.000000 1.000000
0.017459 -0.999848 -0.000000 0.000000
0.000000 0.000000 1.000000 0.000000
-0.999848 -0.017459 0.000000 -0.000000
0.034659 -0.989408 -1.651069 1.000000
BoneName: -2008349728
BoneIndex: 43
ParentIndex: 42
ChildCount: 1
44
1.000000 -0.000015 -0.000000 0.000000
0.000015 1.000000 -0.000012 0.000000
0.000000 0.000012 1.000000 -0.000000
0.000000 0.029072 -0.000000 1.000000
0.017474 -0.999847 -0.000012 0.000000
0.000000 -0.000012 1.000000 0.000000
-0.999847 -0.017474 -0.000000 -0.000000
0.034674 -1.018460 -1.651082 1.000000
BoneName: -2008350592
BoneIndex: 44
ParentIndex: 43
ChildCount: 0
1.000000 0.000000 -0.000000 0.000000
0.000000 1.000000 -0.000000 0.000000
-0.000000 -0.000000 1.000000 -0.000000
0.000000 0.029817 -0.000000 1.000000
0.017474 -0.999847 -0.000012 0.000000
0.000000 -0.000012 1.000000 0.000000
-0.999847 -0.017474 -0.000000 -0.000000
0.034674 -1.048277 -1.651082 1.000000
BoneName: -2008349824
BoneIndex: 45
ParentIndex: 36
ChildCount: 1
46
1.000000 0.000001 -0.000000 0.000000
-0.000001 1.000000 -0.000013 0.000000
-0.000000 0.000013 1.000000 -0.000000
0.000000 0.150997 0.000000 1.000000
0.017455 -0.999848 -0.000013 0.000000
-0.000000 -0.000013 1.000000 0.000000
-0.999848 -0.017455 -0.000000 -0.000000
0.069919 -0.950318 -1.663572 1.000000
BoneName: -2008350784
BoneIndex: 46
ParentIndex: 45
ChildCount: 1
47
1.000000 -0.000005 -0.000000 0.000000
0.000005 1.000000 0.000013 0.000000
-0.000000 -0.000013 1.000000 -0.000000
0.000000 0.036202 -0.000000 1.000000
0.017460 -0.999848 0.000000 0.000000
0.000000 0.000000 1.000000 0.000000
-0.999848 -0.017460 0.000000 -0.000000
0.069924 -0.986541 -1.663559 1.000000
BoneName: -2008352032
BoneIndex: 47
ParentIndex: 46
ChildCount: 1
48
1.000000 -0.000000 -0.000000 0.000000
0.000000 1.000000 0.000010 0.000000
-0.000000 -0.000010 1.000000 -0.000000
0.000000 0.028325 -0.000000 1.000000
0.017460 -0.999848 0.000010 0.000000
0.000000 0.000010 1.000000 0.000000
-0.999848 -0.017460 0.000000 -0.000000
0.069924 -1.014882 -1.663549 1.000000
BoneName: -2008350208
BoneIndex: 48
ParentIndex: 47
ChildCount: 0
1.000000 0.000000 -0.000000 0.000000
0.000000 1.000000 -0.000000 0.000000
-0.000000 -0.000000 1.000000 -0.000000
0.000000 0.047156 -0.000000 1.000000
0.017460 -0.999848 0.000010 0.000000
0.000000 0.000010 1.000000 0.000000
-0.999848 -0.017460 0.000000 -0.000000
0.069924 -1.062038 -1.663549 1.000000
BoneName: -2008349920
BoneIndex: 49
ParentIndex: 36
ChildCount: 1
50
1.000000 0.000015 -0.000000 0.000000
-0.000015 1.000000 -0.000005 0.000000
-0.000000 0.000005 1.000000 -0.000000
-0.035121 0.156217 -0.007730 1.000000
0.017441 -0.999848 -0.000005 0.000000
-0.000000 -0.000005 1.000000 0.000000
-0.999848 -0.017441 -0.000000 -0.000000
0.105027 -0.955552 -1.655834 1.000000
BoneName: -2008349632
BoneIndex: 50
ParentIndex: 49
ChildCount: 1
51
1.000000 -0.000019 -0.000000 0.000000
0.000019 1.000000 0.000010 0.000000
-0.000000 -0.000010 1.000000 -0.000000
-0.000000 0.029360 -0.000000 1.000000
0.017460 -0.999848 0.000004 0.000000
0.000000 0.000004 1.000000 0.000000
-0.999848 -0.017460 0.000000 -0.000000
0.105045 -0.984926 -1.655825 1.000000
BoneName: -2008351744
BoneIndex: 51
ParentIndex: 50
ChildCount: 1
52
1.000000 -0.000010 -0.000000 0.000000
0.000010 1.000000 0.000000 0.000000
-0.000000 -0.000000 1.000000 -0.000000
0.000000 0.034356 -0.000000 1.000000
0.017470 -0.999847 0.000005 0.000000
0.000000 0.000005 1.000000 0.000000
-0.999847 -0.017470 0.000000 -0.000000
0.105055 -1.019281 -1.655824 1.000000
BoneName: -2008350400
BoneIndex: 52
ParentIndex: 51
ChildCount: 0
1.000000 0.000000 -0.000000 0.000000
0.000000 1.000000 -0.000000 0.000000
-0.000000 -0.000000 1.000000 -0.000000
0.000000 0.031206 -0.000000 1.000000
0.017470 -0.999847 0.000005 0.000000
0.000000 0.000005 1.000000 0.000000
-0.999847 -0.017470 0.000000 -0.000000
0.105055 -1.050488 -1.655824 1.000000
BoneName: -2008352896
BoneIndex: 53
ParentIndex: 36
ChildCount: 1
54
1.000000 -0.000004 -0.000000 0.000000
0.000004 1.000000 -0.000012 0.000000
0.000000 0.000012 1.000000 -0.000000
-0.064332 0.140897 -0.010012 1.000000
0.017460 -0.999848 -0.000012 0.000000
-0.000000 -0.000012 1.000000 0.000000
-0.999848 -0.017460 -0.000000 -0.000000
0.134256 -0.940218 -1.653559 1.000000
BoneName: -2008351456
BoneIndex: 54
ParentIndex: 53
ChildCount: 1
55
1.000000 0.000000 -0.000000 0.000000
-0.000000 1.000000 0.000027 0.000000
0.000000 -0.000027 1.000000 -0.000000
0.000000 0.024747 -0.000000 1.000000
0.017460 -0.999848 0.000015 0.000000
-0.000000 0.000015 1.000000 0.000000
-0.999848 -0.017460 0.000000 -0.000000
0.134256 -0.965010 -1.653533 1.000000
BoneName: -2008350016
BoneIndex: 55
ParentIndex: 54
ChildCount: 1
56
1.000000 -0.000018 -0.000000 0.000000
0.000018 1.000000 -0.000030 0.000000
0.000000 0.000030 1.000000 -0.000000
0.000000 0.020738 0.000000 1.000000
0.017478 -0.999847 -0.000015 0.000000
-0.000000 -0.000015 1.000000 0.000000
-0.999847 -0.017478 -0.000000 -0.000000
0.134274 -0.985696 -1.653563 1.000000
BoneName: -2008353376
BoneIndex: 56
ParentIndex: 55
ChildCount: 0
1.000000 0.000000 -0.000000 0.000000
0.000000 1.000000 -0.000000 0.000000
-0.000000 -0.000000 1.000000 -0.000000
0.000000 0.029789 0.000000 1.000000
0.017478 -0.999847 -0.000015 0.000000
-0.000000 -0.000015 1.000000 0.000000
-0.999847 -0.017478 -0.000000 -0.000000
0.134274 -1.015485 -1.653563 1.000000
BoneName: -2008353184
BoneIndex: 57
ParentIndex: 1
ChildCount: 1
58
-1.000000 0.000002 -0.000000 0.000000
-0.000002 -0.998733 -0.050314 0.000000
-0.000000 -0.050314 0.998733 -0.000000
0.094181 -0.048751 -0.018977 1.000000
-1.000000 -0.000000 0.000000 0.000000
-0.000000 -0.998733 -0.050314 0.000000
0.000000 -0.050314 0.998733 -0.000000
0.094181 1.136932 0.057997 1.000000
BoneName: -2008352704
BoneIndex: 58
ParentIndex: 57
ChildCount: 1
59
1.000000 0.000000 -0.000000 0.000000
-0.000000 0.987370 0.158433 0.000000
0.000000 -0.158433 0.987370 -0.000000
0.000000 0.484781 -0.000000 1.000000
-1.000000 0.000000 0.000000 0.000000
-0.000000 -0.994091 0.108554 0.000000
0.000000 0.108554 0.994091 -0.000000
0.094181 0.653103 -0.046058 1.000000
BoneName: -2027969136
BoneIndex: 59
ParentIndex: 58
ChildCount: 1
60
0.996631 0.033055 -0.075055 0.000000
-0.080363 0.576176 -0.813365 0.000000
0.016359 0.816657 0.576891 -0.000000
0.000000 0.515880 -0.000000 1.000000
-0.996631 0.080363 -0.016359 0.000000
-0.041007 -0.661065 -0.749207 0.000000
-0.071023 -0.746013 0.662134 -0.000000
0.101856 0.108958 0.087034 1.000000
BoneName: -2027968368
BoneIndex: 60
ParentIndex: 59
ChildCount: 1
61
0.999156 -0.028982 -0.029113 0.000000
0.002513 0.750496 -0.660870 0.000000
0.041003 0.660239 0.749935 -0.000000
-0.000000 0.214000 0.000000 1.000000
-0.997643 0.068619 -0.000074 0.000000
-0.000002 -0.001101 -0.999999 0.000000
-0.068619 -0.997642 0.001098 -0.000000
0.102281 -0.136096 0.000093 1.000000
BoneName: -2027966448
BoneIndex: 61
ParentIndex: 60
ChildCount: 0
1.000000 0.000000 -0.000000 0.000000
0.000000 1.000000 -0.000000 0.000000
-0.000000 -0.000000 1.000000 -0.000000
-0.000000 0.126508 0.000000 1.000000
-0.997643 0.068619 -0.000074 0.000000
-0.000002 -0.001101 -0.999999 0.000000
-0.068619 -0.997642 0.001098 -0.000000
0.102281 -0.262604 0.000093 1.000000
BoneName: -2027965392
BoneIndex: 62
ParentIndex: 1
ChildCount: 1
63
-1.000000 0.000001 -0.000000 0.000000
-0.000001 -0.998733 -0.050314 0.000000
-0.000000 -0.050314 0.998733 -0.000000
-0.094181 -0.048751 -0.018977 1.000000
-1.000000 0.000000 0.000000 0.000000
-0.000000 -0.998733 -0.050314 0.000000
0.000000 -0.050314 0.998733 -0.000000
-0.094181 1.136932 0.057997 1.000000
BoneName: -2027966928
BoneIndex: 63
ParentIndex: 62
ChildCount: 1
64
1.000000 -0.000000 -0.000000 0.000000
0.000000 0.987370 0.158433 0.000000
-0.000000 -0.158433 0.987370 -0.000000
-0.000000 0.484781 0.000000 1.000000
-1.000000 -0.000000 0.000000 0.000000
0.000000 -0.994091 0.108554 0.000000
0.000000 0.108554 0.994091 -0.000000
-0.094181 0.653103 -0.046058 1.000000
BoneName: -2027967600
BoneIndex: 64
ParentIndex: 63
ChildCount: 1
65
0.996631 -0.033053 0.075057 0.000000
0.080364 0.576176 -0.813365 0.000000
-0.016362 0.816657 0.576891 -0.000000
0.000000 0.515880 -0.000000 1.000000
-0.996631 -0.080364 0.016362 0.000000
0.041005 -0.661065 -0.749207 0.000000
0.071026 -0.746012 0.662134 -0.000000
-0.101856 0.108958 0.087035 1.000000
BoneName: -2027967120
BoneIndex: 65
ParentIndex: 64
ChildCount: 1
66
0.999156 0.028987 0.029111 0.000000
-0.002518 0.750497 -0.660869 0.000000
-0.041004 0.660238 0.749936 -0.000000
0.000000 0.214000 0.000000 1.000000
-0.997643 -0.068616 0.000077 0.000000
-0.000002 -0.001102 -0.999999 0.000000
0.068616 -0.997643 0.001100 -0.000000
-0.102281 -0.136096 0.000094 1.000000
BoneName: -2027968848
BoneIndex: 66
ParentIndex: 65
ChildCount: 0
1.000000 0.000000 -0.000000 0.000000
0.000000 1.000000 -0.000000 0.000000
-0.000000 -0.000000 1.000000 -0.000000
0.000000 0.126511 0.000000 1.000000
-0.997643 -0.068616 0.000077 0.000000
-0.000002 -0.001102 -0.999999 0.000000
0.068616 -0.997643 0.001100 -0.000000
-0.102281 -0.262607 0.000094 1.000000
BoneName: -2027170408
BoneIndex: 67
ParentIndex: 0
ChildCount: 0
1.000000 0.000000 -0.000000 0.000000
0.000000 1.000000 -0.000000 0.000000
-0.000000 -0.000000 1.000000 -0.000000
0.000000 0.000000 -0.000000 1.000000
1.000000 0.000000 0.000000 0.000000
0.000000 1.000000 0.000000 0.000000
0.000000 0.000000 1.000000 0.000000
0.000000 0.000000 0.000000 1.000000
BoneName: -2027174888
BoneIndex: 68
ParentIndex: 0
ChildCount: 0
1.000000 0.000000 -0.000000 0.000000
0.000000 1.000000 -0.000000 0.000000
-0.000000 -0.000000 1.000000 -0.000000
0.000000 0.000000 -0.000000 1.000000
1.000000 0.000000 0.000000 0.000000
0.000000 1.000000 0.000000 0.000000
0.000000 0.000000 1.000000 0.000000
0.000000 0.000000 0.000000 1.000000
BoneName: -2027169768
BoneIndex: 69
ParentIndex: 0
ChildCount: 0
1.000000 0.000000 -0.000000 0.000000
0.000000 1.000000 -0.000000 0.000000
-0.000000 -0.000000 1.000000 -0.000000
0.000000 0.000000 -0.000000 1.000000
1.000000 0.000000 0.000000 0.000000
0.000000 1.000000 0.000000 0.000000
0.000000 0.000000 1.000000 0.000000
0.000000 0.000000 0.000000 1.000000
