BoneCount: 71
RootBone: 0
BoneName: 858592936
BoneIndex: 0
ParentIndex: -1
ChildCount: 2
1
70
-1.000000 0.000000 0.000000 0.000000
0.000000 1.000000 0.000000 0.000000
-0.000000 0.000000 -1.000000 0.000000
0.000000 0.000000 0.000000 1.000000
1.000000 0.000000 0.000000 0.000000
0.000000 1.000000 0.000000 0.000000
0.000000 0.000000 1.000000 0.000000
0.000000 0.000000 0.000000 1.000000
BoneName: 858591976
BoneIndex: 1
ParentIndex: 0
ChildCount: 3
2
60
65
1.000000 0.000000 -0.000000 0.000000
0.000000 1.000000 -0.000000 0.000000
-0.000000 -0.000000 1.000000 -0.000000
0.000000 1.130908 0.016707 1.000000
1.000000 -0.000002 0.000000 0.000000
0.000002 1.000000 0.000000 0.000000
-0.000000 0.000000 1.000000 -0.000000
-0.000002 -1.130908 -0.016707 1.000000
BoneName: 858592616
BoneIndex: 2
ParentIndex: 1
ChildCount: 1
3
1.000000 -0.000002 0.000000 0.000000
0.000002 0.999968 -0.008031 0.000000
-0.000000 0.008031 0.999968 -0.000000
0.000000 0.110066 -0.001079 1.000000
1.000000 -0.000000 0.000000 0.000000
0.000000 0.999968 0.008031 0.000000
-0.000000 -0.008031 0.999968 -0.000000
0.000000 -1.240808 -0.025593 1.000000
BoneName: 858691552
BoneIndex: 3
ParentIndex: 2
ChildCount: 1
4
1.000000 0.000000 -0.000000 0.000000
0.000000 0.999989 -0.004742 0.000000
-0.000000 0.004742 0.999989 -0.000000
0.000000 0.112699 0.000000 1.000000
1.000000 -0.000000 0.000000 0.000000
0.000000 0.999918 0.012773 0.000000
-0.000000 -0.012773 0.999918 -0.000000
-0.000000 -1.353371 -0.032012 1.000000
BoneName: 858692800
BoneIndex: 4
ParentIndex: 3
ChildCount: 3
5
12
36
1.000000 0.000000 -0.000000 0.000000
0.000000 0.999918 0.012773 0.000000
-0.000000 -0.012773 0.999918 -0.000000
-0.000000 0.108160 0.000000 1.000000
1.000000 -0.000000 0.000000 0.000000
0.000000 1.000000 0.000000 0.000000
-0.000000 -0.000000 1.000000 -0.000000
-0.000000 -1.461820 -0.013341 1.000000
BoneName: 858593896
BoneIndex: 5
ParentIndex: 4
ChildCount: 1
6
1.000000 0.000000 -0.000000 0.000000
0.000000 1.000000 -0.000000 0.000000
-0.000000 -0.000000 1.000000 -0.000000
-0.000000 0.288367 0.005572 1.000000
1.000000 -0.000000 0.000000 0.000000
0.000000 1.000000 0.000000 0.000000
-0.000000 -0.000000 1.000000 -0.000000
0.000000 -1.750187 -0.018913 1.000000
BoneName: 858594216
BoneIndex: 6
ParentIndex: 5
ChildCount: 5
7
8
9
10
11
1.000000 0.000000 -0.000000 0.000000
0.000000 1.000000 -0.000000 0.000000
-0.000000 -0.000000 1.000000 -0.000000
0.000000 0.092832 -0.034457 1.000000
1.000000 -0.000000 0.000000 0.000000
0.000000 1.000000 0.000000 0.000000
-0.000000 -0.000000 1.000000 -0.000000
0.000000 -1.843019 0.015544 1.000000
BoneName: 858691744
BoneIndex: 7
ParentIndex: 6
ChildCount: 0
1.000000 0.000000 -0.000000 0.000000
0.000000 1.000000 -0.000000 0.000000
-0.000000 -0.000000 1.000000 -0.000000
0.000000 0.150928 -0.062912 1.000000
1.000000 -0.000000 0.000000 0.000000
0.000000 1.000000 0.000000 0.000000
-0.000000 -0.000000 1.000000 -0.000000
0.000000 -1.993947 0.078456 1.000000
BoneName: 858692608
BoneIndex: 8
ParentIndex: 6
ChildCount: 0
1.000000 0.000000 -0.000000 0.000000
0.000000 1.000000 -0.000000 0.000000
-0.000000 -0.000000 1.000000 -0.000000
0.032851 0.100018 -0.072472 1.000000
1.000000 -0.000000 0.000000 0.000000
0.000000 1.000000 0.000000 0.000000
-0.000000 -0.000000 1.000000 -0.000000
-0.032851 -1.943037 0.088016 1.000000
BoneName: 858691360
BoneIndex: 9
ParentIndex: 6
ChildCount: 0
1.000000 0.000000 -0.000000 0.000000
0.000000 1.000000 -0.000000 0.000000
-0.000000 -0.000000 1.000000 -0.000000
-0.032851 0.100021 -0.072472 1.000000
1.000000 -0.000000 0.000000 0.000000
0.000000 1.000000 0.000000 0.000000
-0.000000 -0.000000 1.000000 -0.000000
0.032851 -1.943040 0.088016 1.000000
BoneName: 858692704
BoneIndex: 10
ParentIndex: 6
ChildCount: 0
1.000000 0.000000 -0.000000 0.000000
0.000000 1.000000 -0.000000 0.000000
-0.000000 -0.000000 1.000000 -0.000000
0.000000 -0.021673 -0.038526 1.000000
1.000000 -0.000000 0.000000 0.000000
0.000000 1.000000 0.000000 0.000000
-0.000000 -0.000000 1.000000 -0.000000
-0.000000 -1.821346 0.054069 1.000000
BoneName: 879597352
BoneIndex: 11
ParentIndex: 6
ChildCount: 0
1.000000 0.000000 -0.000000 0.000000
0.000000 1.000000 -0.000000 0.000000
-0.000000 -0.000000 1.000000 -0.000000
0.000000 0.020806 -0.055445 1.000000
1.000000 -0.000000 0.000000 0.000000
0.000000 1.000000 0.000000 0.000000
-0.000000 -0.000000 1.000000 -0.000000
-0.000000 -1.863824 0.070989 1.000000
BoneName: 858693376
BoneIndex: 12
ParentIndex: 4
ChildCount: 1
13
-0.202788 0.069285 0.976769 0.000000
0.924309 -0.315801 0.214297 0.000000
0.323312 0.946292 -0.000000 -0.000000
0.079670 0.257855 0.085636 1.000000
-0.202788 0.924309 0.323312 0.000000
0.069285 -0.315801 0.946292 0.000000
0.976769 0.214297 -0.000000 -0.000000
-0.199668 0.448225 -1.653074 1.000000
BoneName: 858693568
BoneIndex: 13
ParentIndex: 12
ChildCount: 1
14
0.976769 0.214297 -0.000000 0.000000
-0.202788 0.924309 0.323312 0.000000
0.069285 -0.315801 0.946292 -0.000000
0.000000 0.181338 -0.000000 1.000000
0.000000 1.000000 0.000000 0.000000
-0.000000 -0.000000 1.000000 0.000000
1.000000 -0.000000 -0.000000 -0.000000
-0.137837 -0.247282 -1.662408 1.000000
BoneName: 858693856
BoneIndex: 14
ParentIndex: 13
ChildCount: 1
15
0.999848 0.017452 -0.000000 0.000000
-0.017452 0.999848 -0.000000 0.000000
-0.000000 -0.000000 1.000000 -0.000000
-0.000000 0.262712 0.000000 1.000000
0.017452 0.999848 0.000000 0.000000
-0.000000 -0.000000 1.000000 0.000000
0.999848 -0.017452 0.000000 -0.000000
-0.146716 -0.507511 -1.662408 1.000000
BoneName: 858694144
BoneIndex: 15
ParentIndex: 14
ChildCount: 5
16
20
24
28
32
1.000000 0.000000 -0.000000 0.000000
0.000000 1.000000 -0.000000 0.000000
-0.000000 -0.000000 1.000000 -0.000000
0.000000 0.282969 0.000000 1.000000
0.017452 0.999848 0.000000 0.000000
-0.000000 -0.000000 1.000000 0.000000
0.999848 -0.017452 0.000000 -0.000000
-0.146716 -0.790481 -1.662408 1.000000
BoneName: 858694720
BoneIndex: 16
ParentIndex: 15
ChildCount: 1
17
0.859299 0.510972 0.022672 0.000000
-0.448858 0.774611 -0.445537 0.000000
-0.245219 0.372673 0.894976 -0.000000
-0.040420 0.063805 -0.026637 1.000000
0.525891 0.766660 0.368337 0.000000
0.022672 -0.445537 0.894976 0.000000
0.850250 -0.462309 -0.251685 -0.000000
-0.564941 0.114770 -1.756280 1.000000
BoneName: 858691072
BoneIndex: 17
ParentIndex: 16
ChildCount: 1
18
1.000000 0.000000 -0.000000 0.000000
0.000000 1.000000 -0.000000 0.000000
-0.000000 -0.000000 1.000000 -0.000000
0.000000 0.043333 0.000000 1.000000
0.525891 0.766660 0.368337 0.000000
0.022672 -0.445537 0.894976 0.000000
0.850250 -0.462309 -0.251685 -0.000000
-0.564941 0.071437 -1.756280 1.000000
BoneName: 858691264
BoneIndex: 18
ParentIndex: 17
ChildCount: 1
19
1.000000 0.000000 -0.000000 0.000000
0.000000 1.000000 -0.000000 0.000000
-0.000000 -0.000000 1.000000 -0.000000
0.000000 0.033636 0.000000 1.000000
0.525891 0.766660 0.368337 0.000000
0.022672 -0.445537 0.894976 0.000000
0.850250 -0.462309 -0.251685 -0.000000
-0.564941 0.037802 -1.756280 1.000000
BoneName: 879520448
BoneIndex: 19
ParentIndex: 18
ChildCount: 0
1.000000 0.000000 -0.000000 0.000000
0.000000 1.000000 -0.000000 0.000000
-0.000000 -0.000000 1.000000 -0.000000
0.000000 0.054414 0.000000 1.000000
0.525891 0.766660 0.368337 0.000000
0.022672 -0.445537 0.894976 0.000000
0.850250 -0.462309 -0.251685 -0.000000
-0.564941 -0.016612 -1.756280 1.000000
BoneName: 879518912
BoneIndex: 20
ParentIndex: 15
ChildCount: 1
21
1.000000 0.000000 -0.000000 0.000000
0.000000 1.000000 -0.000000 0.000000
-0.000000 -0.000000 1.000000 -0.000000
-0.034908 0.173642 0.006455 1.000000
0.017454 0.999848 0.000000 0.000000
-0.000000 -0.000000 1.000000 0.000000
0.999848 -0.017454 0.000000 -0.000000
-0.111810 -0.964122 -1.668863 1.000000
BoneName: 879521600
BoneIndex: 21
ParentIndex: 20
ChildCount: 1
22
1.000000 0.000000 -0.000000 0.000000
0.000000 1.000000 -0.000000 0.000000
-0.000000 -0.000000 1.000000 -0.000000
0.000000 0.052825 0.000000 1.000000
0.017453 0.999848 0.000000 0.000000
-0.000000 -0.000000 1.000000 0.000000
0.999848 -0.017453 0.000000 -0.000000
-0.111809 -1.016948 -1.668863 1.000000
BoneName: 879518048
BoneIndex: 22
ParentIndex: 21
ChildCount: 1
23
1.000000 -0.000003 -0.000000 0.000000
0.000003 1.000000 -0.000006 0.000000
0.000000 0.000006 1.000000 -0.000000
0.000000 0.029205 0.000000 1.000000
0.017450 0.999848 0.000006 0.000000
-0.000000 -0.000006 1.000000 0.000000
0.999848 -0.017450 -0.000000 -0.000000
-0.111806 -1.046143 -1.668869 1.000000
BoneName: 879519872
BoneIndex: 23
ParentIndex: 22
ChildCount: 0
1.000000 0.000000 -0.000000 0.000000
0.000000 1.000000 -0.000000 0.000000
-0.000000 -0.000000 1.000000 -0.000000
0.000000 0.052017 -0.000000 1.000000
0.017450 0.999848 0.000006 0.000000
-0.000000 -0.000006 1.000000 0.000000
0.999848 -0.017450 -0.000000 -0.000000
-0.111806 -1.098160 -1.668869 1.000000
BoneName: 879520544
BoneIndex: 24
ParentIndex: 15
ChildCount: 1
25
1.000000 0.000000 -0.000000 0.000000
-0.000000 1.000000 0.000012 0.000000
0.000000 -0.000012 1.000000 -0.000000
-0.000031 0.181404 -0.000336 1.000000
0.017453 0.999848 -0.000012 0.000000
-0.000000 0.000012 1.000000 0.000000
0.999848 -0.017453 0.000000 -0.000000
-0.146686 -0.971904 -1.662061 1.000000
BoneName: 879521408
BoneIndex: 25
ParentIndex: 24
ChildCount: 1
26
1.000000 0.000007 -0.000000 0.000000
-0.000007 1.000000 -0.000007 0.000000
-0.000000 0.000007 1.000000 -0.000000
0.000000 0.038583 -0.000000 1.000000
0.017460 0.999848 -0.000005 0.000000
-0.000000 0.000005 1.000000 0.000000
0.999848 -0.017460 0.000000 -0.000000
-0.146693 -1.010475 -1.662068 1.000000
BoneName: 879519104
BoneIndex: 26
ParentIndex: 25
ChildCount: 1
27
1.000000 0.000016 -0.000000 0.000000
-0.000016 1.000000 -0.000011 0.000000
-0.000000 0.000011 1.000000 -0.000000
0.000000 0.060630 -0.000000 1.000000
0.017475 0.999847 0.000006 0.000000
-0.000000 -0.000006 1.000000 0.000000
0.999847 -0.017475 -0.000000 -0.000000
-0.146709 -1.071083 -1.662080 1.000000
BoneName: 879519584
BoneIndex: 27
ParentIndex: 26
ChildCount: 0
1.000000 0.000000 -0.000000 0.000000
0.000000 1.000000 -0.000000 0.000000
-0.000000 -0.000000 1.000000 -0.000000
0.000000 0.047435 -0.000000 1.000000
0.017475 0.999847 0.000006 0.000000
-0.000000 -0.000006 1.000000 0.000000
0.999847 -0.017475 -0.000000 -0.000000
-0.146709 -1.118518 -1.662080 1.000000
BoneName: 879521312
BoneIndex: 28
ParentIndex: 15
ChildCount: 1
29
1.000000 0.000000 -0.000000 0.000000
0.000000 1.000000 -0.000000 0.000000
-0.000000 -0.000000 1.000000 -0.000000
0.037065 0.175166 0.005487 1.000000
0.017453 0.999848 0.000000 0.000000
-0.000000 -0.000000 1.000000 0.000000
0.999848 -0.017453 0.000000 -0.000000
-0.183783 -0.965647 -1.667895 1.000000
BoneName: 879518624
BoneIndex: 29
ParentIndex: 28
ChildCount: 1
30
1.000000 0.000000 -0.000000 0.000000
0.000000 1.000000 -0.000000 0.000000
-0.000000 -0.000000 1.000000 -0.000000
0.000000 0.051516 0.000000 1.000000
0.017450 0.999848 -0.000003 0.000000
-0.000000 0.000003 1.000000 0.000000
0.999848 -0.017450 0.000000 -0.000000
-0.183780 -1.017168 -1.667892 1.000000
BoneName: 879517952
BoneIndex: 30
ParentIndex: 29
ChildCount: 1
31
1.000000 -0.000005 -0.000000 0.000000
0.000005 1.000000 -0.000007 0.000000
0.000000 0.000007 1.000000 -0.000000
0.000000 0.050303 -0.000000 1.000000
0.017445 0.999848 0.000004 0.000000
-0.000000 -0.000004 1.000000 0.000000
0.999848 -0.017445 -0.000000 -0.000000
-0.183775 -1.067460 -1.667899 1.000000
BoneName: 879520160
BoneIndex: 31
ParentIndex: 30
ChildCount: 0
1.000000 0.000000 -0.000000 0.000000
0.000000 1.000000 -0.000000 0.000000
-0.000000 -0.000000 1.000000 -0.000000
0.000000 0.038399 -0.000000 1.000000
0.017445 0.999848 0.000004 0.000000
-0.000000 -0.000004 1.000000 0.000000
0.999848 -0.017445 -0.000000 -0.000000
-0.183775 -1.105860 -1.667899 1.000000
BoneName: 879520064
BoneIndex: 32
ParentIndex: 15
ChildCount: 1
33
1.000000 0.000000 -0.000000 0.000000
0.000000 1.000000 -0.000000 0.000000
-0.000000 -0.000000 1.000000 -0.000000
0.073906 0.170462 0.004223 1.000000
0.017452 0.999848 0.000000 0.000000
-0.000000 -0.000000 1.000000 0.000000
0.999848 -0.017452 0.000000 -0.000000
-0.220622 -0.960943 -1.666632 1.000000
BoneName: 879518240
BoneIndex: 33
ParentIndex: 32
ChildCount: 1
34
1.000000 0.000000 -0.000000 0.000000
0.000000 1.000000 -0.000000 0.000000
-0.000000 -0.000000 1.000000 -0.000000
-0.000000 0.031343 -0.000000 1.000000
0.017453 0.999848 0.000000 0.000000
-0.000000 -0.000000 1.000000 0.000000
0.999848 -0.017453 0.000000 -0.000000
-0.220623 -0.992286 -1.666632 1.000000
BoneName: 879518432
BoneIndex: 34
ParentIndex: 33
ChildCount: 1
35
1.000000 0.000003 -0.000000 0.000000
-0.000003 1.000000 -0.000016 0.000000
-0.000000 0.000016 1.000000 -0.000000
0.000000 0.032633 0.000000 1.000000
0.017456 0.999848 0.000016 0.000000
-0.000000 -0.000016 1.000000 0.000000
0.999848 -0.017456 -0.000000 -0.000000
-0.220626 -1.024891 -1.666648 1.000000
BoneName: 879518336
BoneIndex: 35
ParentIndex: 34
ChildCount: 0
1.000000 0.000000 -0.000000 0.000000
0.000000 1.000000 -0.000000 0.000000
-0.000000 -0.000000 1.000000 -0.000000
0.000000 0.028492 -0.000000 1.000000
0.017456 0.999848 0.000016 0.000000
-0.000000 -0.000016 1.000000 0.000000
0.999848 -0.017456 -0.000000 -0.000000
-0.220626 -1.053383 -1.666648 1.000000
BoneName: 879520832
BoneIndex: 36
ParentIndex: 4
ChildCount: 1
37
-0.202786 -0.069288 -0.976769 0.000000
-0.924303 -0.315817 0.214297 0.000000
-0.323328 0.946287 -0.000000 -0.000000
-0.079669 0.257860 0.085636 1.000000
-0.202786 -0.924303 -0.323328 0.000000
-0.069288 -0.315817 0.946287 0.000000
-0.976769 0.214297 0.000000 -0.000000
0.199675 0.448255 -1.653070 1.000000
BoneName: 879518816
BoneIndex: 37
ParentIndex: 36
ChildCount: 1
38
0.976769 -0.214297 -0.000000 0.000000
0.202786 0.924303 0.323328 0.000000
-0.069288 -0.315817 0.946287 -0.000000
0.000000 0.181339 -0.000000 1.000000
0.000000 -1.000000 0.000000 0.000000
0.000000 0.000000 1.000000 0.000000
-1.000000 -0.000000 0.000000 -0.000000
0.137837 -0.247282 -1.662410 1.000000
BoneName: 879517856
BoneIndex: 38
ParentIndex: 37
ChildCount: 1
39
0.999848 -0.017452 -0.000000 0.000000
0.017452 0.999848 -0.000000 0.000000
-0.000000 -0.000000 1.000000 -0.000000
-0.000000 0.262713 0.000000 1.000000
0.017452 -0.999848 0.000000 0.000000
0.000000 0.000000 1.000000 0.000000
-0.999848 -0.017452 0.000000 -0.000000
0.146717 -0.507512 -1.662410 1.000000
BoneName: 879309936
BoneIndex: 39
ParentIndex: 38
ChildCount: 5
40
44
48
52
56
1.000000 0.000000 -0.000000 0.000000
0.000000 1.000000 -0.000000 0.000000
-0.000000 -0.000000 1.000000 -0.000000
-0.000000 0.282969 -0.000000 1.000000
0.017452 -0.999848 0.000000 0.000000
0.000000 0.000000 1.000000 0.000000
-0.999848 -0.017452 0.000000 -0.000000
0.146717 -0.790481 -1.662410 1.000000
BoneName: 879309168
BoneIndex: 40
ParentIndex: 39
ChildCount: 1
41
0.860764 -0.508711 -0.017269 0.000000
0.448889 0.774661 -0.445420 0.000000
0.239968 0.375650 0.895155 -0.000000
0.040420 0.063805 -0.026640 1.000000
0.523656 -0.766709 -0.371404 0.000000
-0.017269 -0.445420 0.895155 0.000000
-0.851755 -0.462340 -0.246487 -0.000000
0.554328 0.114537 -1.759673 1.000000
BoneName: 879310032
BoneIndex: 41
ParentIndex: 40
ChildCount: 1
42
1.000000 -0.000008 -0.000000 0.000000
0.000008 1.000000 -0.000247 0.000000
0.000000 0.000247 1.000000 -0.000000
0.000000 0.043330 0.000000 1.000000
0.523663 -0.766613 -0.371593 0.000000
-0.017265 -0.445641 0.895045 0.000000
-0.851751 -0.462286 -0.246601 -0.000000
0.554328 0.071646 -1.759655 1.000000
BoneName: 879308976
BoneIndex: 42
ParentIndex: 41
ChildCount: 1
43
1.000000 0.000012 0.000000 0.000000
-0.000012 1.000000 0.000174 0.000000
-0.000000 -0.000174 1.000000 -0.000000
-0.000000 0.033637 0.000000 1.000000
0.523653 -0.766684 -0.371460 0.000000
-0.017270 -0.445485 0.895123 0.000000
-0.851756 -0.462319 -0.246520 -0.000000
0.554328 0.037696 -1.759662 1.000000
BoneName: 879308400
BoneIndex: 43
ParentIndex: 42
ChildCount: 0
1.000000 0.000000 -0.000000 0.000000
0.000000 1.000000 -0.000000 0.000000
-0.000000 -0.000000 1.000000 -0.000000
0.000000 0.054413 0.000000 1.000000
0.523653 -0.766684 -0.371460 0.000000
-0.017270 -0.445485 0.895123 0.000000
-0.851756 -0.462319 -0.246520 -0.000000
0.554328 -0.016717 -1.759662 1.000000
BoneName: 879306864
BoneIndex: 44
ParentIndex: 39
ChildCount: 1
45
1.000000 0.000000 -0.000000 0.000000
0.000000 1.000000 -0.000000 0.000000
-0.000000 -0.000000 1.000000 -0.000000
0.034908 0.173642 0.006450 1.000000
0.017452 -0.999848 0.000000 0.000000
0.000000 0.000000 1.000000 0.000000
-0.999848 -0.017452 0.000000 -0.000000
0.111809 -0.964123 -1.668860 1.000000
BoneName: 879309072
BoneIndex: 45
ParentIndex: 44
ChildCount: 1
46
1.000000 0.000000 -0.000000 0.000000
0.000000 1.000000 -0.000000 0.000000
-0.000000 -0.000000 1.000000 -0.000000
0.000000 0.052824 0.000000 1.000000
0.017452 -0.999848 0.000000 0.000000
0.000000 0.000000 1.000000 0.000000
-0.999848 -0.017452 0.000000 -0.000000
0.111809 -1.016947 -1.668860 1.000000
BoneName: 879306384
BoneIndex: 46
ParentIndex: 45
ChildCount: 1
47
1.000000 0.000000 -0.000000 0.000000
0.000000 1.000000 -0.000000 0.000000
-0.000000 -0.000000 1.000000 -0.000000
-0.000000 0.029210 -0.000000 1.000000
0.017452 -0.999848 0.000000 0.000000
0.000000 0.000000 1.000000 0.000000
-0.999848 -0.017452 0.000000 -0.000000
0.111809 -1.046157 -1.668860 1.000000
BoneName: 879308688
BoneIndex: 47
ParentIndex: 46
ChildCount: 0
1.000000 0.000000 -0.000000 0.000000
0.000000 1.000000 -0.000000 0.000000
-0.000000 -0.000000 1.000000 -0.000000
0.000000 0.052010 0.000000 1.000000
0.017452 -0.999848 0.000000 0.000000
0.000000 0.000000 1.000000 0.000000
-0.999848 -0.017452 0.000000 -0.000000
0.111809 -1.098167 -1.668860 1.000000
BoneName: 879307056
BoneIndex: 48
ParentIndex: 39
ChildCount: 1
49
1.000000 0.000000 -0.000000 0.000000
0.000000 1.000000 -0.000000 0.000000
-0.000000 -0.000000 1.000000 -0.000000
0.000031 0.181404 -0.000340 1.000000
0.017452 -0.999848 0.000000 0.000000
0.000000 0.000000 1.000000 0.000000
-0.999848 -0.017452 0.000000 -0.000000
0.146686 -0.971885 -1.662070 1.000000
BoneName: 879308208
BoneIndex: 49
ParentIndex: 48
ChildCount: 1
50
1.000000 0.000000 -0.000000 0.000000
0.000000 1.000000 -0.000000 0.000000
-0.000000 -0.000000 1.000000 -0.000000
-0.000000 0.038582 0.000000 1.000000
0.017452 -0.999848 0.000000 0.000000
0.000000 0.000000 1.000000 0.000000
-0.999848 -0.017452 0.000000 -0.000000
0.146686 -1.010467 -1.662070 1.000000
BoneName: 879307152
BoneIndex: 50
ParentIndex: 49
ChildCount: 1
51
1.000000 0.000000 -0.000000 0.000000
0.000000 1.000000 -0.000000 0.000000
-0.000000 -0.000000 1.000000 -0.000000
-0.000000 0.060630 -0.000000 1.000000
0.017452 -0.999848 0.000000 0.000000
0.000000 0.000000 1.000000 0.000000
-0.999848 -0.017452 0.000000 -0.000000
0.146686 -1.071097 -1.662070 1.000000
BoneName: 879306288
BoneIndex: 51
ParentIndex: 50
ChildCount: 0
1.000000 0.000000 -0.000000 0.000000
0.000000 1.000000 -0.000000 0.000000
-0.000000 -0.000000 1.000000 -0.000000
0.000000 0.047440 0.000000 1.000000
0.017452 -0.999848 0.000000 0.000000
0.000000 0.000000 1.000000 0.000000
-0.999848 -0.017452 0.000000 -0.000000
0.146686 -1.118537 -1.662070 1.000000
BoneName: 879308784
BoneIndex: 52
ParentIndex: 39
ChildCount: 1
53
1.000000 0.000000 -0.000000 0.000000
0.000000 1.000000 -0.000000 0.000000
-0.000000 -0.000000 1.000000 -0.000000
-0.037065 0.175166 0.005480 1.000000
0.017452 -0.999848 0.000000 0.000000
0.000000 0.000000 1.000000 0.000000
-0.999848 -0.017452 0.000000 -0.000000
0.183782 -0.965647 -1.667890 1.000000
BoneName: 879308592
BoneIndex: 53
ParentIndex: 52
ChildCount: 1
54
1.000000 0.000000 -0.000000 0.000000
0.000000 1.000000 0.000199 0.000000
-0.000000 -0.000199 1.000000 -0.000000
-0.000000 0.051520 0.000000 1.000000
0.017452 -0.999848 0.000199 0.000000
0.000000 0.000199 1.000000 0.000000
-0.999848 -0.017452 0.000003 -0.000000
0.183782 -1.017498 -1.667688 1.000000
BoneName: 879309648
BoneIndex: 54
ParentIndex: 53
ChildCount: 1
55
1.000000 0.000026 -0.000000 0.000000
-0.000026 1.000000 -0.000459 0.000000
-0.000000 0.000459 1.000000 -0.000000
0.000000 0.050300 0.000000 1.000000
0.017426 -0.999848 -0.000260 0.000000
0.000000 -0.000260 1.000000 0.000000
-0.999848 -0.017426 -0.000005 -0.000000
0.183754 -1.067037 -1.668178 1.000000
BoneName: 879308880
BoneIndex: 55
ParentIndex: 54
ChildCount: 0
1.000000 0.000000 -0.000000 0.000000
0.000000 1.000000 -0.000000 0.000000
-0.000000 -0.000000 1.000000 -0.000000
-0.000000 0.038400 0.000000 1.000000
0.017426 -0.999848 -0.000260 0.000000
0.000000 -0.000260 1.000000 0.000000
-0.999848 -0.017426 -0.000005 -0.000000
0.183754 -1.105437 -1.668178 1.000000
BoneName: 879307536
BoneIndex: 56
ParentIndex: 39
ChildCount: 1
57
1.000000 0.000000 -0.000000 0.000000
0.000000 1.000000 -0.000000 0.000000
-0.000000 -0.000000 1.000000 -0.000000
-0.073906 0.170462 0.004220 1.000000
0.017452 -0.999848 0.000000 0.000000
0.000000 0.000000 1.000000 0.000000
-0.999848 -0.017452 0.000000 -0.000000
0.220623 -0.960943 -1.666630 1.000000
BoneName: 879307824
BoneIndex: 57
ParentIndex: 56
ChildCount: 1
58
1.000000 0.000000 -0.000000 0.000000
0.000000 1.000000 -0.000000 0.000000
-0.000000 -0.000000 1.000000 -0.000000
0.000000 0.031343 0.000000 1.000000
0.017452 -0.999848 0.000000 0.000000
0.000000 0.000000 1.000000 0.000000
-0.999848 -0.017452 0.000000 -0.000000
0.220623 -0.992286 -1.666630 1.000000
BoneName: 879308304
BoneIndex: 58
ParentIndex: 57
ChildCount: 1
59
1.000000 0.000000 -0.000000 0.000000
0.000000 1.000000 -0.000000 0.000000
-0.000000 -0.000000 1.000000 -0.000000
0.000000 0.032631 -0.000000 1.000000
0.017452 -0.999848 0.000000 0.000000
0.000000 0.000000 1.000000 0.000000
-0.999848 -0.017452 0.000000 -0.000000
0.220623 -1.024917 -1.666630 1.000000
BoneName: 859525680
BoneIndex: 59
ParentIndex: 58
ChildCount: 0
1.000000 0.000000 -0.000000 0.000000
0.000000 1.000000 -0.000000 0.000000
-0.000000 -0.000000 1.000000 -0.000000
-0.000000 0.028490 0.000000 1.000000
0.017452 -0.999848 0.000000 0.000000
0.000000 0.000000 1.000000 0.000000
-0.999848 -0.017452 0.000000 -0.000000
0.220623 -1.053407 -1.666630 1.000000
BoneName: 859524720
BoneIndex: 60
ParentIndex: 1
ChildCount: 1
61
-1.000000 0.000002 -0.000000 0.000000
-0.000002 -0.999219 -0.039518 0.000000
-0.000000 -0.039518 0.999219 -0.000000
0.127968 -0.085158 -0.014029 1.000000
-1.000000 -0.000000 0.000000 0.000000
-0.000000 -0.999219 -0.039518 0.000000
0.000000 -0.039518 0.999219 -0.000000
0.127969 1.045039 0.038651 1.000000
BoneName: 859526352
BoneIndex: 61
ParentIndex: 60
ChildCount: 1
62
1.000000 0.000000 -0.000000 0.000000
0.000000 0.991067 0.133362 0.000000
-0.000000 -0.133362 0.991067 -0.000000
0.000000 0.460000 -0.000000 1.000000
-1.000000 0.000000 0.000000 0.000000
-0.000000 -0.995563 0.094094 0.000000
0.000000 0.094094 0.995563 -0.000000
0.127969 0.584968 -0.039717 1.000000
BoneName: 859525584
BoneIndex: 62
ParentIndex: 61
ChildCount: 1
63
0.949765 0.130287 -0.284556 0.000000
-0.304059 0.599490 -0.740378 0.000000
0.074127 0.789707 0.608990 -0.000000
0.000000 0.489412 -0.000000 1.000000
-0.949765 0.304059 -0.074127 0.000000
-0.156484 -0.666495 -0.728901 0.000000
-0.271035 -0.680685 0.680594 -0.000000
0.145291 0.047780 0.060759 1.000000
BoneName: 859528272
BoneIndex: 63
ParentIndex: 62
ChildCount: 1
64
0.987681 -0.105411 -0.115651 0.000000
0.000043 0.739255 -0.673426 0.000000
0.156482 0.665124 0.730153 -0.000000
0.000000 0.148000 0.000000 1.000000
-0.961543 0.274655 -0.000508 0.000000
-0.000002 -0.001856 -0.999998 0.000000
-0.274656 -0.961541 0.001785 -0.000000
0.147039 -0.114999 0.000440 1.000000
BoneName: 859527792
BoneIndex: 64
ParentIndex: 63
ChildCount: 0
1.000000 0.000000 -0.000000 0.000000
0.000000 1.000000 -0.000000 0.000000
-0.000000 -0.000000 1.000000 -0.000000
0.000000 0.145223 0.000000 1.000000
-0.961543 0.274655 -0.000508 0.000000
-0.000002 -0.001856 -0.999998 0.000000
-0.274656 -0.961541 0.001785 -0.000000
0.147039 -0.260222 0.000440 1.000000
BoneName: 859526448
BoneIndex: 65
ParentIndex: 1
ChildCount: 1
66
-1.000000 0.000002 -0.000000 0.000000
-0.000002 -0.999219 -0.039518 0.000000
-0.000000 -0.039518 0.999219 -0.000000
-0.127969 -0.085158 -0.014029 1.000000
-1.000000 -0.000002 -0.000002 0.000000
0.000002 -0.999219 -0.039518 0.000000
-0.000002 -0.039518 0.999219 -0.000000
-0.127971 1.045039 0.038651 1.000000
BoneName: 859525392
BoneIndex: 66
ParentIndex: 65
ChildCount: 1
67
1.000000 -0.000000 -0.000000 0.000000
0.000000 0.991067 0.133363 0.000000
-0.000000 -0.133363 0.991067 -0.000000
0.000000 0.460000 0.000000 1.000000
-1.000000 0.000002 -0.000002 0.000000
-0.000002 -0.995563 0.094094 0.000000
-0.000002 0.094094 0.995563 -0.000000
-0.127969 0.584967 -0.039717 1.000000
BoneName: 859525968
BoneIndex: 67
ParentIndex: 66
ChildCount: 1
68
0.949767 -0.130282 0.284553 0.000000
0.304053 0.599497 -0.740375 0.000000
-0.074131 0.789702 0.608995 -0.000000
0.000000 0.489412 -0.000000 1.000000
-0.949766 -0.304053 0.074131 0.000000
0.156479 -0.666502 -0.728896 0.000000
0.271032 -0.680681 0.680599 -0.000000
-0.145291 0.047781 0.060759 1.000000
BoneName: 859524816
BoneIndex: 68
ParentIndex: 67
ChildCount: 1
69
0.987681 0.105402 0.115657 0.000000
-0.000035 0.739261 -0.673419 0.000000
-0.156480 0.665120 0.730157 -0.000000
-0.000000 0.148000 -0.000000 1.000000
-0.961541 -0.274663 0.000516 0.000000
-0.000002 -0.001871 -0.999998 0.000000
0.274663 -0.961539 0.001799 -0.000000
-0.147038 -0.114999 0.000441 1.000000
BoneName: 859525296
BoneIndex: 69
ParentIndex: 68
ChildCount: 0
1.000000 0.000000 -0.000000 0.000000
0.000000 1.000000 -0.000000 0.000000
-0.000000 -0.000000 1.000000 -0.000000
-0.000000 0.145220 -0.000000 1.000000
-0.961541 -0.274663 0.000516 0.000000
-0.000002 -0.001871 -0.999998 0.000000
0.274663 -0.961539 0.001799 -0.000000
-0.147038 -0.260219 0.000441 1.000000
BoneName: 858857576
BoneIndex: 70
ParentIndex: 0
ChildCount: 0
1.000000 0.000000 -0.000000 0.000000
0.000000 1.000000 -0.000000 0.000000
-0.000000 -0.000000 1.000000 -0.000000
0.000000 0.000000 -0.000000 1.000000
1.000000 0.000000 0.000000 0.000000
0.000000 1.000000 0.000000 0.000000
0.000000 0.000000 1.000000 0.000000
0.000000 0.000000 0.000000 1.000000
