BoneCount 67
RootBoneIndex 0
BoneIndex 0
BoneName RootNode
ParentIndex -1
ChildCount 2
1
2
1.000000 0.000000 -0.000000 0.000000
0.000000 1.000000 -0.000000 0.000000
-0.000000 -0.000000 1.000000 -0.000000
0.000000 0.000000 -0.000000 1.000000
1.000000 0.000000 0.000000 0.000000
0.000000 1.000000 0.000000 0.000000
0.000000 0.000000 1.000000 0.000000
0.000000 0.000000 0.000000 1.000000
BoneIndex 1
BoneName Ch45
ParentIndex 0
ChildCount 0
1.000000 0.000000 -0.000000 0.000000
0.000000 1.000000 -0.000000 0.000000
-0.000000 -0.000000 1.000000 -0.000000
0.000000 0.000000 -0.000000 1.000000
1.000000 0.000000 0.000000 0.000000
0.000000 1.000000 0.000000 0.000000
0.000000 0.000000 1.000000 0.000000
0.000000 0.000000 0.000000 1.000000
BoneIndex 2
BoneName mixamorig1:Hips
ParentIndex 0
ChildCount 3
3
57
62
1.000000 0.000000 -0.000000 0.000000
0.000000 1.000000 -0.000000 0.000000
-0.000000 -0.000000 1.000000 -0.000000
0.000000 0.988801 0.004443 1.000000
1.000000 0.000000 -0.000000 0.000000
0.000000 1.000000 -0.000000 0.000000
-0.000000 -0.000000 1.000000 -0.000000
0.000000 -0.988801 -0.004443 1.000000
BoneIndex 3
BoneName mixamorig1:Spine
ParentIndex 2
ChildCount 1
4
1.000000 0.000000 -0.000000 0.000000
0.000000 0.996264 0.086360 0.000000
-0.000000 -0.086360 0.996264 -0.000000
0.000000 0.112330 0.009737 1.000000
1.000000 0.000000 -0.000000 0.000000
0.000000 0.996264 -0.086360 0.000000
-0.000000 0.086360 0.996264 -0.000000
0.000000 -1.098242 0.080966 1.000000
BoneIndex 4
BoneName mixamorig1:Spine1
ParentIndex 3
ChildCount 1
5
1.000000 0.000000 -0.000000 0.000000
0.000000 1.000000 -0.000000 0.000000
-0.000000 -0.000000 1.000000 -0.000000
0.000000 0.131543 -0.000000 1.000000
1.000000 0.000000 -0.000000 0.000000
0.000000 0.996264 -0.086360 0.000000
-0.000000 0.086360 0.996264 -0.000000
0.000000 -1.229785 0.080966 1.000000
BoneIndex 5
BoneName mixamorig1:Spine2
ParentIndex 4
ChildCount 3
6
9
33
1.000000 0.000000 -0.000000 0.000000
0.000000 1.000000 -0.000000 0.000000
-0.000000 -0.000000 1.000000 -0.000000
0.000000 0.150335 0.000000 1.000000
1.000000 0.000000 -0.000000 0.000000
0.000000 0.996264 -0.086360 0.000000
-0.000000 0.086360 0.996264 -0.000000
0.000000 -1.380120 0.080966 1.000000
BoneIndex 6
BoneName mixamorig1:Neck
ParentIndex 5
ChildCount 1
7
1.000000 0.000000 -0.000000 0.000000
0.000000 0.996264 -0.086360 0.000000
-0.000000 0.086360 0.996264 -0.000000
0.000000 0.169127 -0.000000 1.000000
1.000000 0.000000 -0.000000 0.000000
0.000000 1.000000 -0.000000 0.000000
-0.000000 0.000000 1.000000 -0.000000
0.000000 -1.550452 -0.053129 1.000000
BoneIndex 7
BoneName mixamorig1:Head
ParentIndex 6
ChildCount 1
8
1.000000 0.000000 -0.000000 0.000000
0.000000 1.000000 -0.000000 0.000000
-0.000000 -0.000000 1.000000 -0.000000
0.000000 0.083951 -0.027518 1.000000
1.000000 0.000000 -0.000000 0.000000
0.000000 1.000000 -0.000000 0.000000
-0.000000 0.000000 1.000000 -0.000000
0.000000 -1.634402 -0.025611 1.000000
BoneIndex 8
BoneName mixamorig1:HeadTop_End
ParentIndex 7
ChildCount 0
1.000000 0.000000 -0.000000 0.000000
0.000000 1.000000 -0.000000 0.000000
-0.000000 -0.000000 1.000000 -0.000000
0.000000 0.205600 -0.067392 1.000000
1.000000 0.000000 0.000000 0.000000
0.000000 1.000000 0.000000 0.000000
0.000000 0.000000 1.000000 0.000000
0.000000 0.000000 0.000000 1.000000
BoneIndex 9
BoneName mixamorig1:LeftShoulder
ParentIndex 5
ChildCount 1
10
-0.027899 -0.000227 0.999611 0.000000
0.971602 -0.235066 0.027064 0.000000
0.234969 0.971979 0.006779 -0.000000
0.072655 0.151161 0.002062 1.000000
-0.027899 0.971602 0.234968 0.000000
-0.086553 -0.236525 0.967763 0.000000
0.995857 0.006663 0.090694 -0.000000
0.081249 0.291496 -1.504911 1.000000
BoneIndex 10
BoneName mixamorig1:LeftArm
ParentIndex 9
ChildCount 1
11
0.998464 -0.055407 -0.000000 0.000000
0.054949 0.990200 0.128392 0.000000
-0.007114 -0.128195 0.991723 -0.000000
-0.000000 0.150985 0.000000 1.000000
-0.081690 0.990716 0.108668 0.000000
-0.073314 -0.114710 0.990690 0.000000
0.993958 0.072963 0.082004 -0.000000
0.073339 -0.049620 -1.511046 1.000000
BoneIndex 11
BoneName mixamorig1:LeftForeArm
ParentIndex 10
ChildCount 1
12
0.970412 0.241456 -0.000000 0.000000
-0.240351 0.965972 0.095544 0.000000
0.023070 -0.092717 0.995425 -0.000000
0.000000 0.226446 -0.000000 1.000000
0.159941 0.987021 0.014429 0.000000
-0.098843 0.001469 0.995102 0.000000
0.982165 -0.160584 0.097795 -0.000000
0.004511 -0.428671 -1.476845 1.000000
BoneIndex 12
BoneName mixamorig1:LeftHand
ParentIndex 11
ChildCount 5
13
17
21
25
29
0.986899 0.018409 -0.160289 0.000000
-0.058770 0.966235 -0.250871 0.000000
0.150258 0.257004 0.954658 -0.000000
0.000000 0.272925 0.000000 1.000000
0.173703 0.940675 0.291476 0.000000
-0.257024 -0.242413 0.935508 0.000000
0.950666 -0.237417 0.199668 -0.000000
0.228257 -0.307675 -1.589517 1.000000
BoneIndex 13
BoneName mixamorig1:LeftHandThumb1
ParentIndex 12
ChildCount 1
14
0.737660 0.675173 0.000000 0.000000
-0.643215 0.702745 -0.304013 0.000000
-0.205261 0.224258 0.952668 -0.000000
-0.028415 0.033483 -0.014004 1.000000
0.763252 0.460713 0.452979 0.000000
-0.353267 -0.289439 0.889622 0.000000
0.540971 -0.839028 -0.058160 -0.000000
-0.041004 0.074135 -1.630133 1.000000
BoneIndex 14
BoneName mixamorig1:LeftHandThumb2
ParentIndex 13
ChildCount 1
15
1.000000 0.000000 -0.000000 0.000000
0.000000 0.994449 -0.105216 0.000000
-0.000000 0.105216 0.994449 -0.000000
0.001317 0.036851 -0.000000 1.000000
0.763252 0.410495 0.498940 0.000000
-0.353267 -0.381436 0.854230 0.000000
0.540971 -0.828251 -0.146117 -0.000000
-0.042321 0.208593 -1.617162 1.000000
BoneIndex 15
BoneName mixamorig1:LeftHandThumb3
ParentIndex 14
ChildCount 1
16
1.000000 0.000000 -0.000000 0.000000
0.000000 0.999486 0.032073 0.000000
-0.000000 -0.032073 0.999486 -0.000000
0.001775 0.035621 -0.000000 1.000000
0.763252 0.426287 0.485517 0.000000
-0.353267 -0.353842 0.866024 0.000000
0.540971 -0.832512 -0.119477 -0.000000
-0.044096 0.121016 -1.621878 1.000000
BoneIndex 16
BoneName mixamorig1:LeftHandThumb4
ParentIndex 15
ChildCount 0
1.000000 0.000000 -0.000000 0.000000
0.000000 1.000000 -0.000000 0.000000
-0.000000 -0.000000 1.000000 -0.000000
-0.003092 0.027681 -0.000000 1.000000
1.000000 0.000000 0.000000 0.000000
0.000000 1.000000 0.000000 0.000000
0.000000 0.000000 1.000000 0.000000
0.000000 0.000000 0.000000 1.000000
BoneIndex 17
BoneName mixamorig1:LeftHandIndex1
ParentIndex 12
ChildCount 1
18
0.972188 0.234204 -0.000000 0.000000
-0.233881 0.970850 -0.052437 0.000000
-0.012281 0.050979 0.998624 -0.000000
-0.034182 0.110331 0.000128 1.000000
0.389181 0.857344 0.336897 0.000000
-0.306650 -0.224290 0.925019 0.000000
0.868622 -0.463309 0.175615 -0.000000
0.157241 -0.383843 -1.611991 1.000000
BoneIndex 18
BoneName mixamorig1:LeftHandIndex2
ParentIndex 17
ChildCount 1
19
1.000000 0.000000 -0.000000 0.000000
0.000000 0.924440 -0.381327 0.000000
-0.000000 0.381327 0.924440 -0.000000
0.000887 0.031462 -0.000000 1.000000
0.389181 0.664096 0.638369 0.000000
-0.306650 -0.560077 0.769597 0.000000
0.868622 -0.495268 -0.014327 -0.000000
0.156354 0.230771 -1.648557 1.000000
BoneIndex 19
BoneName mixamorig1:LeftHandIndex3
ParentIndex 18
ChildCount 1
20
1.000000 0.000000 -0.000000 0.000000
0.000000 0.977386 -0.211461 0.000000
-0.000000 0.211461 0.977386 -0.000000
-0.000233 0.027951 -0.000000 1.000000
0.389181 0.514088 0.764364 0.000000
-0.306650 -0.710152 0.633759 0.000000
0.868622 -0.481039 -0.118733 -0.000000
0.156588 0.546839 -1.568388 1.000000
BoneIndex 20
BoneName mixamorig1:LeftHandIndex4
ParentIndex 19
ChildCount 0
1.000000 0.000000 -0.000000 0.000000
0.000000 1.000000 -0.000000 0.000000
-0.000000 -0.000000 1.000000 -0.000000
-0.000654 0.023067 -0.000000 1.000000
1.000000 0.000000 0.000000 0.000000
0.000000 1.000000 0.000000 0.000000
0.000000 0.000000 1.000000 0.000000
0.000000 0.000000 0.000000 1.000000
BoneIndex 21
BoneName mixamorig1:LeftHandMiddle1
ParentIndex 12
ChildCount 1
22
0.996086 0.088393 0.000000 0.000000
-0.088393 0.996083 -0.002313 0.000000
-0.000204 0.002304 0.999997 -0.000000
-0.011064 0.116195 0.000813 1.000000
0.256172 0.920962 0.293607 0.000000
-0.277445 -0.220908 0.934999 0.000000
0.925959 -0.320981 0.198926 -0.000000
0.200917 -0.439686 -1.591352 1.000000
BoneIndex 22
BoneName mixamorig1:LeftHandMiddle2
ParentIndex 21
ChildCount 1
23
1.000000 0.000000 -0.000000 0.000000
0.000000 0.867240 -0.497890 0.000000
-0.000000 0.497890 0.867240 -0.000000
0.000491 0.033420 0.000000 1.000000
0.256172 0.652511 0.713165 0.000000
-0.277445 -0.657107 0.700881 0.000000
0.925959 -0.377411 0.012704 -0.000000
0.200425 0.382021 -1.615639 1.000000
BoneIndex 23
BoneName mixamorig1:LeftHandMiddle3
ParentIndex 22
ChildCount 1
24
1.000000 0.000000 -0.000000 0.000000
0.000000 0.998037 -0.062622 0.000000
-0.000000 0.062622 0.998037 -0.000000
-0.000234 0.031095 0.000000 1.000000
0.256172 0.606571 0.752627 0.000000
-0.277445 -0.699708 0.658356 0.000000
0.925959 -0.377466 -0.010956 -0.000000
0.200659 0.451412 -1.590492 1.000000
BoneIndex 24
BoneName mixamorig1:LeftHandMiddle4
ParentIndex 23
ChildCount 0
1.000000 0.000000 -0.000000 0.000000
0.000000 1.000000 -0.000000 0.000000
-0.000000 -0.000000 1.000000 -0.000000
-0.000258 0.025012 0.000000 1.000000
1.000000 0.000000 0.000000 0.000000
0.000000 1.000000 0.000000 0.000000
0.000000 0.000000 1.000000 0.000000
0.000000 0.000000 0.000000 1.000000
BoneIndex 25
BoneName mixamorig1:LeftHandRing1
ParentIndex 12
ChildCount 1
26
0.991447 -0.130509 0.000000 0.000000
0.130213 0.989199 -0.067308 0.000000
0.008784 0.066733 0.997732 -0.000000
0.011894 0.118758 0.000923 1.000000
0.049451 0.933514 0.355115 0.000000
-0.223189 -0.336230 0.914951 0.000000
0.973520 -0.124503 0.191723 -0.000000
0.270165 -0.286603 -1.613390 1.000000
BoneIndex 26
BoneName mixamorig1:LeftHandRing2
ParentIndex 25
ChildCount 1
27
1.000000 0.000000 -0.000000 0.000000
0.000000 0.925397 -0.378999 0.000000
-0.000000 0.378999 0.925397 -0.000000
-0.000266 0.029879 -0.000000 1.000000
0.049451 0.729283 0.682423 0.000000
-0.223189 -0.657912 0.719263 0.000000
0.973520 -0.187878 0.130233 -0.000000
0.270431 0.318601 -1.612972 1.000000
BoneIndex 27
BoneName mixamorig1:LeftHandRing3
ParentIndex 26
ChildCount 1
28
1.000000 0.000000 -0.000000 0.000000
0.000000 0.999886 -0.015088 0.000000
-0.000000 0.015088 0.999886 -0.000000
0.000141 0.028289 -0.000000 1.000000
0.049451 0.718903 0.693349 0.000000
-0.223189 -0.668690 0.709254 0.000000
0.973520 -0.189821 0.127383 -0.000000
0.270290 0.314616 -1.608408 1.000000
BoneIndex 28
BoneName mixamorig1:LeftHandRing4
ParentIndex 27
ChildCount 0
1.000000 0.000000 -0.000000 0.000000
0.000000 1.000000 -0.000000 0.000000
-0.000000 -0.000000 1.000000 -0.000000
0.000125 0.022799 0.000000 1.000000
1.000000 0.000000 0.000000 0.000000
0.000000 1.000000 0.000000 0.000000
0.000000 0.000000 1.000000 0.000000
0.000000 0.000000 0.000000 1.000000
BoneIndex 29
BoneName mixamorig1:LeftHandPinky1
ParentIndex 12
ChildCount 1
30
0.981323 -0.192367 0.000000 0.000000
0.187901 0.958541 -0.214227 0.000000
0.041210 0.210226 0.976784 -0.000000
0.033352 0.102846 0.002525 1.000000
-0.010496 0.871872 0.489621 0.000000
-0.205591 -0.481069 0.852235 0.000000
0.978582 -0.091717 0.184298 -0.000000
0.270236 -0.015820 -1.633351 1.000000
BoneIndex 30
BoneName mixamorig1:LeftHandPinky2
ParentIndex 29
ChildCount 1
31
1.000000 0.000000 -0.000000 0.000000
0.000000 0.999004 -0.044617 0.000000
-0.000000 0.044617 0.999004 -0.000000
0.000119 0.028500 -0.000000 1.000000
-0.010496 0.849158 0.528034 0.000000
-0.205591 -0.518614 0.829923 0.000000
0.978582 -0.099848 0.180023 -0.000000
0.270117 0.028600 -1.633702 1.000000
BoneIndex 31
BoneName mixamorig1:LeftHandPinky3
ParentIndex 30
ChildCount 1
32
1.000000 0.000000 -0.000000 0.000000
0.000000 0.998603 0.052832 0.000000
-0.000000 -0.052832 0.998603 -0.000000
0.000009 0.025331 0.000000 1.000000
-0.010496 0.875869 0.482434 0.000000
-0.205591 -0.474044 0.856163 0.000000
0.978582 -0.090198 0.185047 -0.000000
0.270107 -0.083047 -1.631593 1.000000
BoneIndex 32
BoneName mixamorig1:LeftHandPinky4
ParentIndex 31
ChildCount 0
1.000000 0.000000 -0.000000 0.000000
0.000000 1.000000 -0.000000 0.000000
-0.000000 -0.000000 1.000000 -0.000000
-0.000129 0.019579 -0.000000 1.000000
1.000000 0.000000 0.000000 0.000000
0.000000 1.000000 0.000000 0.000000
0.000000 0.000000 1.000000 0.000000
0.000000 0.000000 0.000000 1.000000
BoneIndex 33
BoneName mixamorig1:RightShoulder
ParentIndex 5
ChildCount 1
34
-0.014232 0.000171 -0.999899 0.000000
-0.971603 -0.236216 0.013789 0.000000
-0.236190 0.971700 0.003528 -0.000000
-0.072655 0.151074 0.001060 1.000000
-0.014232 -0.971603 -0.236190 0.000000
0.086522 -0.236525 0.967766 0.000000
-0.996148 -0.006662 0.087431 -0.000000
-0.081195 0.292204 -1.504741 1.000000
BoneIndex 34
BoneName mixamorig1:RightArm
ParentIndex 33
ChildCount 1
35
0.996814 0.079762 -0.000000 0.000000
-0.079083 0.988330 0.130190 0.000000
0.010384 -0.129775 0.991489 -0.000000
0.000000 0.150985 0.000000 1.000000
-0.091683 -0.989888 -0.108238 0.000000
0.067380 -0.114614 0.991122 0.000000
-0.993506 0.083576 0.077207 -0.000000
-0.069672 -0.049910 -1.511104 1.000000
BoneIndex 35
BoneName mixamorig1:RightForeArm
ParentIndex 34
ChildCount 1
36
0.968667 -0.248365 -0.000000 0.000000
0.247213 0.964176 0.096175 0.000000
-0.023886 -0.093161 0.995364 -0.000000
0.000000 0.226636 0.000000 1.000000
0.157043 -0.987502 -0.013327 0.000000
0.093735 0.001470 0.995596 0.000000
-0.983133 -0.157600 0.092794 -0.000000
0.001195 -0.429193 -1.476672 1.000000
BoneIndex 36
BoneName mixamorig1:RightHand
ParentIndex 35
ChildCount 5
37
41
45
49
53
0.984941 -0.019632 0.171775 0.000000
0.061814 0.967849 -0.243819 0.000000
-0.161466 0.250765 0.954487 -0.000000
0.000000 0.272792 -0.000000 1.000000
0.171775 -0.942796 -0.285708 0.000000
0.263313 -0.235528 0.935517 0.000000
-0.949294 -0.235929 0.207793 -0.000000
-0.238697 -0.319302 -1.585690 1.000000
BoneIndex 37
BoneName mixamorig1:RightHandThumb1
ParentIndex 36
ChildCount 1
38
0.771785 -0.635883 0.000000 0.000000
0.604158 0.733279 -0.311922 0.000000
0.198346 0.240737 0.950108 -0.000000
0.028047 0.033766 -0.014411 1.000000
0.732082 -0.498435 -0.464348 0.000000
0.352990 -0.305433 0.884369 0.000000
-0.582628 -0.811341 -0.047660 -0.000000
0.018641 0.070064 -1.630789 1.000000
BoneIndex 38
BoneName mixamorig1:RightHandThumb2
ParentIndex 37
ChildCount 1
39
1.000000 0.000000 -0.000000 0.000000
0.000000 0.993363 -0.115022 0.000000
-0.000000 0.115022 0.993363 -0.000000
0.000140 0.036960 0.000000 1.000000
0.732082 -0.441716 -0.518598 0.000000
0.352990 -0.405128 0.843368 0.000000
-0.582628 -0.800474 -0.140666 -0.000000
0.018501 0.220462 -1.616158 1.000000
BoneIndex 39
BoneName mixamorig1:RightHandThumb3
ParentIndex 38
ChildCount 1
40
1.000000 0.000000 -0.000000 0.000000
0.000000 0.999384 0.035103 0.000000
-0.000000 -0.035103 0.999384 -0.000000
0.000610 0.034924 -0.000000 1.000000
0.732082 -0.459648 -0.502772 0.000000
0.352990 -0.375273 0.857070 0.000000
-0.582628 -0.804918 -0.112480 -0.000000
0.017891 0.128691 -1.621674 1.000000
BoneIndex 40
BoneName mixamorig1:RightHandThumb4
ParentIndex 39
ChildCount 0
1.000000 0.000000 -0.000000 0.000000
0.000000 1.000000 -0.000000 0.000000
-0.000000 -0.000000 1.000000 -0.000000
-0.000750 0.026003 0.000000 1.000000
1.000000 0.000000 0.000000 0.000000
0.000000 1.000000 0.000000 0.000000
0.000000 0.000000 1.000000 0.000000
0.000000 0.000000 0.000000 1.000000
BoneIndex 41
BoneName mixamorig1:RightHandIndex1
ParentIndex 36
ChildCount 1
42
0.971959 -0.235150 0.000000 0.000000
0.233942 0.966966 -0.101231 0.000000
0.023804 0.098392 0.994863 -0.000000
0.034600 0.111856 0.000209 1.000000
0.388657 -0.842544 -0.372916 0.000000
0.311314 -0.260851 0.913805 0.000000
-0.867196 -0.471250 0.160914 -0.000000
-0.164247 -0.320308 -1.626681 1.000000
BoneIndex 42
BoneName mixamorig1:RightHandIndex2
ParentIndex 41
ChildCount 1
43
1.000000 0.000000 -0.000000 0.000000
0.000000 0.945256 -0.326331 0.000000
-0.000000 0.326331 0.945256 -0.000000
-0.000733 0.029404 0.000000 1.000000
0.388657 -0.674725 -0.627449 0.000000
0.311314 -0.544774 0.778656 0.000000
-0.867196 -0.497964 -0.001678 -0.000000
-0.163514 0.200269 -1.651751 1.000000
BoneIndex 43
BoneName mixamorig1:RightHandIndex3
ParentIndex 42
ChildCount 1
44
1.000000 0.000000 -0.000000 0.000000
0.000000 0.996251 -0.086505 0.000000
-0.000000 0.086505 0.996251 -0.000000
0.000284 0.027547 0.000000 1.000000
0.388657 -0.617919 -0.683464 0.000000
0.311314 -0.610089 0.728612 0.000000
-0.867196 -0.495952 -0.044748 -0.000000
-0.163797 0.314959 -1.630618 1.000000
BoneIndex 44
BoneName mixamorig1:RightHandIndex4
ParentIndex 43
ChildCount 0
1.000000 0.000000 -0.000000 0.000000
0.000000 1.000000 -0.000000 0.000000
-0.000000 -0.000000 1.000000 -0.000000
0.000450 0.023134 -0.000000 1.000000
1.000000 0.000000 0.000000 0.000000
0.000000 1.000000 0.000000 0.000000
0.000000 0.000000 1.000000 0.000000
0.000000 0.000000 0.000000 1.000000
BoneIndex 45
BoneName mixamorig1:RightHandMiddle1
ParentIndex 36
ChildCount 1
46
0.997819 -0.066004 -0.000000 0.000000
0.065825 0.995108 -0.073676 0.000000
0.004863 0.073515 0.997282 -0.000000
0.011650 0.118014 0.001754 1.000000
0.233629 -0.905827 -0.353406 0.000000
0.278285 -0.285968 0.916941 0.000000
-0.931652 -0.312571 0.185268 -0.000000
-0.220936 -0.334699 -1.616497 1.000000
BoneIndex 46
BoneName mixamorig1:RightHandMiddle2
ParentIndex 45
ChildCount 1
47
1.000000 0.000000 -0.000000 0.000000
0.000000 0.895837 -0.444383 0.000000
-0.000000 0.444383 0.895837 -0.000000
-0.000406 0.032642 0.000000 1.000000
0.233629 -0.654425 -0.719128 0.000000
0.278285 -0.663653 0.694350 0.000000
-0.931652 -0.362343 0.027068 -0.000000
-0.220530 0.389266 -1.611358 1.000000
BoneIndex 47
BoneName mixamorig1:RightHandMiddle3
ParentIndex 46
ChildCount 1
48
1.000000 0.000000 -0.000000 0.000000
0.000000 0.995693 -0.092713 0.000000
-0.000000 0.092713 0.995693 -0.000000
0.000173 0.029808 -0.000000 1.000000
0.233629 -0.584934 -0.776705 0.000000
0.278285 -0.725170 0.629830 0.000000
-0.931652 -0.363292 -0.006642 -0.000000
-0.220703 0.507303 -1.571091 1.000000
BoneIndex 48
BoneName mixamorig1:RightHandMiddle4
ParentIndex 47
ChildCount 0
1.000000 0.000000 -0.000000 0.000000
0.000000 1.000000 -0.000000 0.000000
-0.000000 -0.000000 1.000000 -0.000000
0.000233 0.025585 0.000000 1.000000
1.000000 0.000000 0.000000 0.000000
0.000000 1.000000 0.000000 0.000000
0.000000 0.000000 1.000000 0.000000
0.000000 0.000000 0.000000 1.000000
BoneIndex 49
BoneName mixamorig1:RightHandRing1
ParentIndex 36
ChildCount 1
50
0.995000 0.099879 0.000000 0.000000
-0.098189 0.978169 -0.183151 0.000000
-0.018293 0.182235 0.983085 -0.000000
-0.011990 0.119757 0.002887 1.000000
0.076751 -0.886752 -0.455828 0.000000
0.238473 -0.427581 0.871955 0.000000
-0.968112 -0.175626 0.178649 -0.000000
-0.269426 -0.116264 -1.637571 1.000000
BoneIndex 50
BoneName mixamorig1:RightHandRing2
ParentIndex 49
ChildCount 1
51
1.000000 0.000000 -0.000000 0.000000
0.000000 0.964851 -0.262799 0.000000
-0.000000 0.262799 0.964851 -0.000000
0.000083 0.028449 0.000000 1.000000
0.076751 -0.735792 -0.672844 0.000000
0.238473 -0.641701 0.728938 0.000000
-0.968112 -0.216401 0.126215 -0.000000
-0.269509 0.290726 -1.618042 1.000000
BoneIndex 51
BoneName mixamorig1:RightHandRing3
ParentIndex 50
ChildCount 1
52
1.000000 0.000000 -0.000000 0.000000
0.000000 0.992764 0.120084 0.000000
-0.000000 -0.120084 0.992764 -0.000000
-0.000085 0.029156 0.000000 1.000000
0.076751 -0.811266 -0.579618 0.000000
0.238473 -0.549524 0.800721 0.000000
-0.968112 -0.199679 0.151288 -0.000000
-0.269424 0.065375 -1.637744 1.000000
BoneIndex 52
BoneName mixamorig1:RightHandRing4
ParentIndex 51
ChildCount 0
1.000000 0.000000 -0.000000 0.000000
0.000000 1.000000 -0.000000 0.000000
-0.000000 -0.000000 1.000000 -0.000000
0.000002 0.019705 -0.000000 1.000000
1.000000 0.000000 0.000000 0.000000
0.000000 1.000000 0.000000 0.000000
0.000000 0.000000 1.000000 0.000000
0.000000 0.000000 0.000000 1.000000
BoneIndex 53
BoneName mixamorig1:RightHandPinky1
ParentIndex 36
ChildCount 1
54
0.981944 0.189171 0.000000 0.000000
-0.185494 0.962860 -0.196197 0.000000
-0.037115 0.192654 0.980565 -0.000000
-0.034259 0.104435 0.001467 1.000000
-0.009676 -0.883588 -0.468165 0.000000
0.214004 -0.459169 0.862187 0.000000
-0.976785 -0.091846 0.193535 -0.000000
-0.280905 -0.058682 -1.630357 1.000000
BoneIndex 54
BoneName mixamorig1:RightHandPinky2
ParentIndex 53
ChildCount 1
55
1.000000 0.000000 -0.000000 0.000000
0.000000 0.995087 -0.099001 0.000000
-0.000000 0.099001 0.995087 -0.000000
-0.000241 0.027446 -0.000000 1.000000
-0.009676 -0.832899 -0.553341 0.000000
0.214004 -0.542271 0.812493 0.000000
-0.976785 -0.110555 0.183491 -0.000000
-0.280665 0.075703 -1.630874 1.000000
BoneIndex 55
BoneName mixamorig1:RightHandPinky3
ParentIndex 54
ChildCount 1
56
1.000000 0.000000 -0.000000 0.000000
0.000000 0.966065 0.258298 0.000000
-0.000000 -0.258298 0.966065 -0.000000
-0.000082 0.024848 0.000000 1.000000
-0.009676 -0.947561 -0.319428 0.000000
0.214004 -0.314004 0.924989 0.000000
-0.976785 -0.059408 0.205820 -0.000000
-0.280583 -0.372122 -1.588667 1.000000
BoneIndex 56
BoneName mixamorig1:RightHandPinky4
ParentIndex 55
ChildCount 0
1.000000 0.000000 -0.000000 0.000000
0.000000 1.000000 -0.000000 0.000000
-0.000000 -0.000000 1.000000 -0.000000
0.000322 0.019249 -0.000000 1.000000
1.000000 0.000000 0.000000 0.000000
0.000000 1.000000 0.000000 0.000000
0.000000 0.000000 1.000000 0.000000
0.000000 0.000000 0.000000 1.000000
BoneIndex 57
BoneName mixamorig1:LeftUpLeg
ParentIndex 2
ChildCount 1
58
-0.994750 -0.101722 0.011171 0.000000
0.102334 -0.988806 0.108587 0.000000
0.000000 0.109160 0.994024 -0.000000
0.103655 -0.062393 -0.001583 1.000000
-0.994750 0.102334 0.000000 0.000000
-0.101722 -0.988806 0.109160 0.000000
0.011171 0.108587 0.994024 -0.000000
0.197316 0.905119 -0.103970 1.000000
BoneIndex 58
BoneName mixamorig1:LeftLeg
ParentIndex 57
ChildCount 1
59
0.999992 0.003952 -0.000000 0.000000
-0.003951 0.999721 -0.023299 0.000000
-0.000092 0.023298 0.999729 -0.000000
0.000000 0.434445 0.000000 1.000000
-0.994338 0.106236 0.002476 0.000000
-0.105630 -0.990671 0.086102 0.000000
0.011600 0.085353 0.996283 -0.000000
0.199174 0.472185 -0.092994 1.000000
BoneIndex 59
BoneName mixamorig1:LeftFoot
ParentIndex 58
ChildCount 1
60
0.943101 0.000000 -0.332506 0.000000
-0.283707 0.521522 -0.804689 0.000000
0.173409 0.853238 0.491848 -0.000000
-0.000000 0.399285 0.000000 1.000000
-0.938584 0.335512 -0.080565 0.000000
-0.128249 -0.555975 -0.821246 0.000000
-0.320330 -0.760476 0.564858 -0.000000
0.218763 0.056343 0.051001 1.000000
BoneIndex 60
BoneName mixamorig1:LeftToeBase
ParentIndex 59
ChildCount 1
61
0.992405 0.000000 -0.123013 0.000000
-0.069908 0.822821 -0.563984 0.000000
0.101218 0.568300 0.816572 -0.000000
0.000000 0.170998 -0.000000 1.000000
-0.921545 0.387119 0.029883 0.000000
-0.026251 0.014667 -0.999548 0.000000
-0.387383 -0.921913 -0.003354 -0.000000
0.210827 -0.138397 -0.001369 1.000000
BoneIndex 61
BoneName mixamorig1:LeftToe_End
ParentIndex 60
ChildCount 0
1.000000 0.000000 -0.000000 0.000000
0.000000 1.000000 -0.000000 0.000000
-0.000000 -0.000000 1.000000 -0.000000
0.000000 0.064264 -0.000000 1.000000
1.000000 0.000000 0.000000 0.000000
0.000000 1.000000 0.000000 0.000000
0.000000 0.000000 1.000000 0.000000
0.000000 0.000000 0.000000 1.000000
BoneIndex 62
BoneName mixamorig1:RightUpLeg
ParentIndex 2
ChildCount 1
63
-0.994747 0.101784 -0.010888 0.000000
-0.102365 -0.989104 0.105806 0.000000
-0.000000 0.106365 0.994327 -0.000000
-0.103655 -0.062393 -0.000422 1.000000
-0.994747 -0.102365 0.000000 0.000000
0.101784 -0.989104 0.106365 0.000000
-0.010888 0.105806 0.994327 -0.000000
-0.197361 0.905278 -0.102535 1.000000
BoneIndex 63
BoneName mixamorig1:RightLeg
ParentIndex 62
ChildCount 1
64
0.999992 -0.003971 -0.000000 0.000000
0.003970 0.999668 -0.025476 0.000000
0.000101 0.025476 0.999675 -0.000000
0.000000 0.434314 -0.000000 1.000000
-0.994333 -0.106280 -0.002708 0.000000
0.105711 -0.991081 0.081142 0.000000
-0.011308 0.080396 0.996699 -0.000000
-0.199229 0.472636 -0.090523 1.000000
BoneIndex 64
BoneName mixamorig1:RightFoot
ParentIndex 63
ChildCount 1
65
0.937753 0.000000 0.347302 0.000000
0.291367 0.544215 -0.786724 0.000000
-0.189007 0.838946 0.510339 -0.000000
0.000000 0.399120 0.000000 1.000000
-0.933380 -0.345424 0.097391 0.000000
0.127312 -0.572397 -0.810033 0.000000
0.335551 -0.743670 0.578240 -0.000000
-0.218267 0.053176 0.053134 1.000000
BoneIndex 65
BoneName mixamorig1:RightToeBase
ParentIndex 64
ChildCount 1
66
0.994322 0.000000 0.106410 0.000000
0.062258 0.810976 -0.581758 0.000000
-0.086296 0.585080 0.806371 -0.000000
0.000000 0.166091 -0.000000 1.000000
-0.917717 -0.394899 -0.043021 0.000000
0.040393 0.014970 -0.999072 0.000000
0.395176 -0.918603 0.002213 -0.000000
-0.211374 -0.136071 -0.004383 1.000000
BoneIndex 66
BoneName mixamorig1:RightToe_End
ParentIndex 65
ChildCount 0
1.000000 0.000000 -0.000000 0.000000
0.000000 1.000000 -0.000000 0.000000
-0.000000 -0.000000 1.000000 -0.000000
0.000000 0.062998 0.000000 1.000000
1.000000 0.000000 0.000000 0.000000
0.000000 1.000000 0.000000 0.000000
0.000000 0.000000 1.000000 0.000000
0.000000 0.000000 0.000000 1.000000
