BoneCount 30
RootBoneIndex 0
BoneIndex 0
BoneName RootNode
ParentIndex -1
ChildCount 5
1
2
3
4
5
1.000000 0.000000 -0.000000 0.000000
0.000000 1.000000 -0.000000 0.000000
-0.000000 -0.000000 1.000000 -0.000000
0.000000 0.000000 -0.000000 1.000000
1.000000 0.000000 0.000000 0.000000
0.000000 1.000000 0.000000 0.000000
0.000000 0.000000 1.000000 0.000000
0.000000 0.000000 0.000000 1.000000
BoneIndex 1
BoneName Korpus
ParentIndex 0
ChildCount 0
100.000000 0.000000 -0.000000 0.000000
0.000000 -0.000016 100.000000 0.000000
-0.000000 -100.000000 -0.000016 -0.000000
0.000000 16.992674 -0.000000 1.000000
1.000000 0.000000 0.000000 0.000000
0.000000 1.000000 0.000000 0.000000
0.000000 0.000000 1.000000 0.000000
0.000000 0.000000 0.000000 1.000000
BoneIndex 2
BoneName Nogi
ParentIndex 0
ChildCount 0
100.000000 0.000000 -0.000000 0.000000
0.000000 -0.000016 100.000000 0.000000
-0.000000 -100.000000 -0.000016 -0.000000
0.000000 16.992674 -0.000000 1.000000
1.000000 0.000000 0.000000 0.000000
0.000000 1.000000 0.000000 0.000000
0.000000 0.000000 1.000000 0.000000
0.000000 0.000000 0.000000 1.000000
BoneIndex 3
BoneName RękaP
ParentIndex 0
ChildCount 0
100.000000 0.000000 -0.000000 0.000000
0.000000 -0.000016 100.000000 0.000000
-0.000000 -100.000000 -0.000016 -0.000000
0.000000 16.992674 0.432240 1.000000
1.000000 0.000000 0.000000 0.000000
0.000000 1.000000 0.000000 0.000000
0.000000 0.000000 1.000000 0.000000
0.000000 0.000000 0.000000 1.000000
BoneIndex 4
BoneName RękaL
ParentIndex 0
ChildCount 0
100.000000 0.000000 -0.000000 0.000000
0.000000 -0.000016 100.000000 0.000000
-0.000000 -100.000000 -0.000016 -0.000000
0.000000 16.992674 0.432240 1.000000
1.000000 0.000000 0.000000 0.000000
0.000000 1.000000 0.000000 0.000000
0.000000 0.000000 1.000000 0.000000
0.000000 0.000000 0.000000 1.000000
BoneIndex 5
BoneName mixamorig:Hips
ParentIndex 0
ChildCount 3
6
20
25
-0.000000 0.000000 -1.000000 0.000000
0.000000 1.000000 -0.000000 0.000000
1.000000 -0.000000 -0.000000 -0.000000
9.375955 4.582406 0.225777 1.000000
100.000000 0.000000 -0.000000 0.000000
0.000000 -0.000016 100.000000 0.000000
-0.000000 -100.000000 -0.000016 -0.000000
-9.375955 12.410267 -0.225777 1.000000
BoneIndex 6
BoneName mixamorig:Spine
ParentIndex 5
ChildCount 1
7
0.999691 0.024859 -0.000000 0.000000
-0.024859 0.999691 -0.000000 0.000000
-0.000000 -0.000000 1.000000 -0.000000
-0.181264 7.289338 0.000000 1.000000
99.969093 -2.485932 0.000000 0.000000
-0.000000 -0.000016 100.000000 0.000000
-2.485932 -99.969093 -0.000016 -0.000000
-9.064547 5.347920 -0.225777 1.000000
BoneIndex 7
BoneName mixamorig:Spine1
ParentIndex 6
ChildCount 1
8
1.000000 0.000000 -0.000000 0.000000
0.000000 1.000000 -0.000000 0.000000
-0.000000 -0.000000 1.000000 -0.000000
0.000000 8.506856 -0.000000 1.000000
99.969093 -2.485933 0.000000 0.000000
-0.000000 -0.000016 100.000000 0.000000
-2.485933 -99.969093 -0.000016 -0.000000
-9.064547 -3.158936 0.206463 1.000000
BoneIndex 8
BoneName mixamorig:Spine2
ParentIndex 7
ChildCount 3
9
12
16
1.000000 0.000000 -0.000000 0.000000
0.000000 1.000000 -0.000000 0.000000
-0.000000 -0.000000 1.000000 -0.000000
0.000000 9.722124 -0.000000 1.000000
99.969093 -2.485933 0.000000 0.000000
-0.000000 -0.000016 100.000000 0.000000
-2.485933 -99.969093 -0.000016 -0.000000
-9.064547 -12.881060 0.206463 1.000000
BoneIndex 9
BoneName mixamorig:Neck
ParentIndex 8
ChildCount 1
10
0.999691 -0.024859 -0.000000 0.000000
0.024859 0.999691 -0.000000 0.000000
-0.000000 -0.000000 1.000000 -0.000000
-0.000000 10.937386 -0.000000 1.000000
100.000000 -0.000000 0.000000 0.000000
-0.000000 -0.000016 100.000000 0.000000
-0.000000 -100.000000 -0.000016 -0.000000
-8.469634 -24.036423 -0.225777 1.000000
BoneIndex 10
BoneName mixamorig:Head
ParentIndex 9
ChildCount 1
11
1.000000 0.000000 -0.000000 0.000000
0.000000 1.000000 -0.000000 0.000000
-0.000000 -0.000000 1.000000 -0.000000
0.210117 2.659878 -0.000000 1.000000
100.000000 -0.000000 0.000000 0.000000
-0.000000 -0.000016 100.000000 0.000000
-0.000000 -100.000000 -0.000016 -0.000000
-8.679751 -26.696302 -0.225777 1.000000
BoneIndex 11
BoneName mixamorig:HeadTop_End
ParentIndex 10
ChildCount 0
1.000000 0.000000 -0.000000 0.000000
0.000000 1.000000 -0.000000 0.000000
-0.000000 -0.000000 1.000000 -0.000000
1.183771 14.985422 -0.000000 1.000000
1.000000 0.000000 0.000000 0.000000
0.000000 1.000000 0.000000 0.000000
0.000000 0.000000 1.000000 0.000000
0.000000 0.000000 0.000000 1.000000
BoneIndex 12
BoneName mixamorig:LeftShoulder
ParentIndex 8
ChildCount 1
13
-0.997200 0.003793 0.074680 0.000000
0.074774 0.057995 0.995513 0.000000
-0.000555 0.998310 -0.058116 -0.000000
0.727851 11.727763 9.123302 1.000000
-99.698647 7.330933 -2.537199 0.000000
7.467993 99.551262 -5.811597 0.000000
2.099769 -5.983562 -99.798737 -0.000000
9.005728 -11.036222 -24.043585 1.000000
BoneIndex 13
BoneName mixamorig:LeftArm
ParentIndex 12
ChildCount 1
14
0.986678 0.000000 0.162688 0.000000
0.160846 0.150076 -0.975503 0.000000
-0.024416 0.988674 0.148077 -0.000000
-0.000000 19.314795 0.000000 1.000000
-98.783188 -12.460845 9.306409 0.000000
6.423023 21.810698 97.380890 0.000000
-14.164274 96.793701 -20.744940 -0.000000
4.974143 20.348152 -33.787453 1.000000
BoneIndex 14
BoneName mixamorig:LeftForeArm
ParentIndex 13
ChildCount 1
15
0.994098 0.108488 -0.000000 0.000000
-0.108301 0.992377 -0.058810 0.000000
-0.006380 0.058463 0.998269 -0.000000
0.000000 26.247625 -0.000000 1.000000
-99.551994 -2.214890 9.192060 0.000000
8.751320 15.221819 98.446487 0.000000
-3.579680 98.809868 -14.959792 -0.000000
4.304760 -4.406156 -34.105610 1.000000
BoneIndex 15
BoneName mixamorig:LeftHand
ParentIndex 14
ChildCount 0
1.000000 0.000000 -0.000000 0.000000
0.000000 1.000000 -0.000000 0.000000
-0.000000 -0.000000 1.000000 -0.000000
0.000000 16.533314 -0.000000 1.000000
-99.551994 -2.214890 9.192060 0.000000
8.751320 15.221819 98.446487 0.000000
-3.579680 98.809868 -14.959792 -0.000000
4.304760 -20.939468 -34.105610 1.000000
BoneIndex 16
BoneName mixamorig:RightShoulder
ParentIndex 8
ChildCount 1
17
0.999457 -0.001958 0.032884 0.000000
0.032942 0.059167 -0.997704 0.000000
0.000007 0.998246 0.059199 -0.000000
0.323165 11.737827 -9.123302 1.000000
99.919708 3.146128 -2.480825 0.000000
3.288409 -99.770447 5.919882 0.000000
-2.288883 -5.996708 -99.793793 -0.000000
-9.027621 -11.074217 -24.023468 1.000000
BoneIndex 17
BoneName mixamorig:RightArm
ParentIndex 16
ChildCount 1
18
-0.999519 0.000000 0.031026 0.000000
-0.030622 0.160781 -0.986515 0.000000
-0.004989 -0.986990 -0.160704 -0.000000
0.000000 19.272360 -0.000000 1.000000
-99.948570 -0.106582 -3.204961 0.000000
-3.103154 -21.981985 97.504677 0.000000
-0.808437 97.553993 21.967373 -0.000000
8.277919 19.096790 33.857471 1.000000
BoneIndex 18
BoneName mixamorig:RightForeArm
ParentIndex 17
ChildCount 1
19
0.997759 -0.066918 -0.000000 0.000000
0.066750 0.995259 0.070733 0.000000
-0.004733 -0.070574 0.997495 -0.000000
0.000000 26.043066 -0.000000 1.000000
-99.717407 -7.004343 -2.716328 0.000000
-1.625216 -15.188131 98.826508 0.000000
-7.334707 98.591377 15.031375 -0.000000
8.724193 -3.965961 34.223717 1.000000
BoneIndex 19
BoneName mixamorig:RightHand
ParentIndex 18
ChildCount 0
1.000000 0.000000 -0.000000 0.000000
0.000000 1.000000 -0.000000 0.000000
-0.000000 -0.000000 1.000000 -0.000000
-0.000000 16.569956 0.000000 1.000000
-99.717407 -7.004343 -2.716328 0.000000
-1.625216 -15.188131 98.826508 0.000000
-7.334707 98.591377 15.031375 -0.000000
8.724193 -20.535917 34.223717 1.000000
BoneIndex 20
BoneName mixamorig:LeftUpLeg
ParentIndex 5
ChildCount 1
21
-0.974714 -0.163817 0.151974 0.000000
0.223455 -0.714573 0.662913 0.000000
-0.000000 0.680110 0.733110 -0.000000
-1.498180 -4.047193 8.132247 1.000000
-97.471436 22.345469 0.000000 0.000000
15.197378 66.291306 73.311005 0.000000
16.381687 71.457283 -68.011009 -0.000000
3.712369 -19.061022 5.065531 1.000000
BoneIndex 21
BoneName mixamorig:LeftLeg
ParentIndex 20
ChildCount 1
22
0.954537 0.000000 0.298092 0.000000
0.225022 0.655870 -0.720555 0.000000
-0.195509 0.754874 0.626052 -0.000000
0.000000 13.876269 0.000000 1.000000
-93.040108 -7.277470 35.924599 0.000000
36.359875 -5.926406 92.966858 0.000000
-4.636598 99.558609 8.160013 -0.000000
5.053588 -24.417212 -22.418016 1.000000
BoneIndex 22
BoneName mixamorig:LeftFoot
ParentIndex 21
ChildCount 1
23
-0.484004 0.000000 -0.875066 0.000000
-0.405643 0.886067 0.224364 0.000000
0.775367 0.463557 -0.428860 -0.000000
0.000000 6.801018 -0.000000 1.000000
13.595425 39.352966 -90.920341 0.000000
-98.950439 0.858073 -14.424776 0.000000
-4.896414 91.927185 39.056591 -0.000000
17.171278 -34.741184 -0.938875 1.000000
BoneIndex 23
BoneName mixamorig:LeftToeBase
ParentIndex 22
ChildCount 1
24
0.984471 0.000000 0.175548 0.000000
0.161190 0.396087 -0.903954 0.000000
-0.069532 0.918213 0.389936 -0.000000
0.000000 8.238303 -0.000000 1.000000
-2.576587 99.966454 -0.264020 0.000000
-99.946068 -2.570665 2.043403 0.000000
2.035931 0.316528 99.978775 -0.000000
16.739805 -13.407061 -41.024384 1.000000
BoneIndex 24
BoneName mixamorig:LeftToe_End
ParentIndex 23
ChildCount 0
1.000000 0.000000 -0.000000 0.000000
0.000000 1.000000 -0.000000 0.000000
-0.000000 -0.000000 1.000000 -0.000000
-0.000000 3.431975 -0.000000 1.000000
1.000000 0.000000 0.000000 0.000000
0.000000 1.000000 0.000000 0.000000
0.000000 0.000000 1.000000 0.000000
0.000000 0.000000 0.000000 1.000000
BoneIndex 25
BoneName mixamorig:RightUpLeg
ParentIndex 5
ChildCount 1
26
-0.983921 -0.130936 -0.121470 0.000000
0.178603 -0.721323 -0.669175 0.000000
-0.000000 -0.680110 0.733110 -0.000000
-1.141863 -4.047193 -8.132247 1.000000
-98.392128 17.860281 0.000000 0.000000
-12.146954 -66.917450 73.311020 0.000000
13.093554 72.132271 68.010986 -0.000000
4.986436 -18.632580 -5.396569 1.000000
BoneIndex 26
BoneName mixamorig:RightLeg
ParentIndex 25
ChildCount 1
27
0.906944 0.000000 -0.421251 0.000000
0.325242 0.635520 0.700238 0.000000
0.267713 -0.772085 0.576381 -0.000000
0.000000 13.746424 0.000000 1.000000
-89.236145 -20.650658 -40.130539 0.000000
-41.898964 4.857093 90.669098 0.000000
-16.774588 97.723892 -12.986694 -0.000000
6.795729 -22.734573 23.223791 1.000000
BoneIndex 27
BoneName mixamorig:RightFoot
ParentIndex 26
ChildCount 1
28
0.480739 0.000000 -0.876864 0.000000
-0.606399 0.722324 -0.332457 0.000000
0.633380 0.691554 0.347249 -0.000000
0.000000 6.950246 0.000000 1.000000
-7.710249 52.537937 -84.736755 0.000000
-99.646912 -1.227686 8.305752 0.000000
3.323370 85.077950 52.447090 -0.000000
-17.097136 -33.283901 -8.159947 1.000000
BoneIndex 28
BoneName mixamorig:RightToeBase
ParentIndex 27
ChildCount 1
29
0.991986 0.000000 -0.126347 0.000000
-0.107716 0.522667 -0.845705 0.000000
0.066037 0.852537 0.518478 -0.000000
0.000000 8.853405 -0.000000 1.000000
3.057785 99.952637 0.347182 0.000000
-99.897758 3.067641 -3.320725 0.000000
-3.329803 -0.245287 99.944244 -0.000000
-15.929133 -13.281249 -41.283421 1.000000
BoneIndex 29
BoneName mixamorig:RightToe_End
ParentIndex 28
ChildCount 0
1.000000 0.000000 -0.000000 0.000000
0.000000 1.000000 -0.000000 0.000000
-0.000000 -0.000000 1.000000 -0.000000
0.000000 3.440973 0.000000 1.000000
1.000000 0.000000 0.000000 0.000000
0.000000 1.000000 0.000000 0.000000
0.000000 0.000000 1.000000 0.000000
0.000000 0.000000 0.000000 1.000000
