BoneCount: 62
RootBone: 0
BoneName: 979311208
BoneIndex: 0
ParentIndex: -1
ChildCount: 3
1
60
61
1.000000 0.000000 -0.000000 0.000000
0.000000 1.000000 -0.000000 0.000000
-0.000000 -0.000000 1.000000 -0.000000
0.000000 0.000000 -0.000000 1.000000
1.000000 0.000000 0.000000 0.000000
0.000000 1.000000 0.000000 0.000000
0.000000 0.000000 1.000000 0.000000
0.000000 0.000000 0.000000 1.000000
BoneName: 979309608
BoneIndex: 1
ParentIndex: 0
ChildCount: 3
2
50
55
1.000000 0.000000 -0.000000 0.000000
0.000000 1.000000 -0.000000 0.000000
-0.000000 -0.000000 1.000000 -0.000000
-0.000302 1.032553 -0.004104 1.000000
1.000000 -0.000002 0.000000 0.000000
0.000002 1.000000 0.000000 0.000000
-0.000000 0.000000 1.000000 -0.000000
0.000300 -1.032553 0.004104 1.000000
BoneName: 979309928
BoneIndex: 2
ParentIndex: 1
ChildCount: 1
3
1.000000 -0.000002 0.000000 0.000000
0.000002 0.999960 -0.008929 0.000000
-0.000000 0.008929 0.999960 -0.000000
-0.000024 0.127775 -0.003153 1.000000
1.000000 0.000000 -0.000000 0.000000
0.000000 0.999960 0.008929 0.000000
-0.000000 -0.008929 0.999960 -0.000000
0.000326 -1.160347 -0.003104 1.000000
BoneName: 979410000
BoneIndex: 3
ParentIndex: 2
ChildCount: 1
4
1.000000 0.000000 -0.000000 0.000000
0.000000 0.999989 0.004690 0.000000
-0.000000 -0.004690 0.999989 -0.000000
-0.000000 0.087927 0.000000 1.000000
1.000000 0.000000 -0.000000 0.000000
0.000000 0.999991 0.004239 0.000000
-0.000000 -0.004239 0.999991 -0.000000
0.000326 -1.248274 0.002750 1.000000
BoneName: 979408656
BoneIndex: 4
ParentIndex: 3
ChildCount: 3
5
10
30
1.000000 0.000000 -0.000000 0.000000
0.000000 0.999991 0.004239 0.000000
-0.000000 -0.004239 0.999991 -0.000000
0.000000 0.086511 0.000000 1.000000
1.000000 0.000000 -0.000000 0.000000
0.000000 1.000000 -0.000000 0.000000
-0.000000 -0.000000 1.000000 -0.000000
0.000326 -1.334762 0.008408 1.000000
BoneName: 979308648
BoneIndex: 5
ParentIndex: 4
ChildCount: 1
6
1.000000 0.000000 -0.000000 0.000000
0.000000 1.000000 -0.000000 0.000000
-0.000000 -0.000000 1.000000 -0.000000
-0.000000 0.212425 0.008425 1.000000
1.000000 0.000000 -0.000000 0.000000
0.000000 1.000000 -0.000000 0.000000
-0.000000 -0.000000 1.000000 -0.000000
0.000326 -1.547186 -0.000017 1.000000
BoneName: 979310888
BoneIndex: 6
ParentIndex: 5
ChildCount: 3
7
8
9
1.000000 0.000000 -0.000000 0.000000
0.000000 1.000000 -0.000000 0.000000
-0.000000 -0.000000 1.000000 -0.000000
-0.000000 0.204181 -0.048338 1.000000
1.000000 0.000000 -0.000000 0.000000
0.000000 1.000000 -0.000000 0.000000
-0.000000 -0.000000 1.000000 -0.000000
0.000326 -1.751368 0.048321 1.000000
BoneName: 979407888
BoneIndex: 7
ParentIndex: 6
ChildCount: 0
1.000000 0.000000 -0.000000 0.000000
0.000000 1.000000 -0.000000 0.000000
-0.000000 -0.000000 1.000000 -0.000000
0.000000 0.346706 -0.050383 1.000000
1.000000 0.000000 -0.000000 0.000000
0.000000 1.000000 -0.000000 0.000000
-0.000000 -0.000000 1.000000 -0.000000
0.000326 -2.098073 0.098704 1.000000
BoneName: 979409040
BoneIndex: 8
ParentIndex: 6
ChildCount: 0
1.000000 0.000000 -0.000000 0.000000
0.000000 1.000000 -0.000000 0.000000
-0.000000 -0.000000 1.000000 -0.000000
0.118729 0.140265 -0.164444 1.000000
1.000000 0.000000 -0.000000 0.000000
0.000000 1.000000 -0.000000 0.000000
-0.000000 -0.000000 1.000000 -0.000000
-0.118403 -1.891633 0.212765 1.000000
BoneName: 979409616
BoneIndex: 9
ParentIndex: 6
ChildCount: 0
1.000000 0.000000 -0.000000 0.000000
0.000000 1.000000 -0.000000 0.000000
-0.000000 -0.000000 1.000000 -0.000000
-0.114924 0.164151 -0.164464 1.000000
1.000000 0.000000 -0.000000 0.000000
0.000000 1.000000 -0.000000 0.000000
-0.000000 -0.000000 1.000000 -0.000000
0.115250 -1.915518 0.212785 1.000000
BoneName: 979409328
BoneIndex: 10
ParentIndex: 4
ChildCount: 1
11
-0.011709 0.002221 0.999929 0.000000
0.982404 -0.186387 0.011918 0.000000
0.186400 0.982474 -0.000000 -0.000000
0.065702 0.175956 0.027618 1.000000
-0.011709 0.982404 0.186399 0.000000
0.002221 -0.186386 0.982474 0.000000
0.999929 0.011918 -0.000000 -0.000000
-0.021799 0.217123 -1.496427 1.000000
BoneName: 979407600
BoneIndex: 11
ParentIndex: 10
ChildCount: 1
12
0.999929 0.011918 -0.000000 0.000000
-0.011709 0.982404 0.186400 0.000000
0.002221 -0.186387 0.982474 -0.000000
0.000000 0.121384 0.000000 1.000000
0.000000 1.000000 0.000000 0.000000
-0.000000 -0.000000 1.000000 0.000000
1.000000 -0.000000 -0.000000 -0.000000
-0.020656 -0.184624 -1.488094 1.000000
BoneName: 979409424
BoneIndex: 12
ParentIndex: 11
ChildCount: 1
13
0.999848 0.017452 -0.000000 0.000000
-0.017452 0.999848 -0.000000 0.000000
-0.000000 -0.000000 1.000000 -0.000000
-0.000000 0.184696 -0.000000 1.000000
0.000000 1.000000 0.000000 0.000000
-0.000000 -0.000000 1.000000 0.000000
1.000000 -0.000000 -0.000000 -0.000000
-0.020656 -0.369320 -1.488094 1.000000
BoneName: 979406928
BoneIndex: 13
ParentIndex: 12
ChildCount: 5
14
18
21
24
27
1.000000 0.000000 -0.000000 0.000000
0.000000 1.000000 -0.000000 0.000000
-0.000000 -0.000000 1.000000 -0.000000
0.000000 0.295088 0.000000 1.000000
0.000000 1.000000 0.000000 0.000000
-0.000000 -0.000000 1.000000 0.000000
1.000000 -0.000000 -0.000000 -0.000000
-0.020656 -0.664409 -1.488094 1.000000
BoneName: 979409808
BoneIndex: 14
ParentIndex: 13
ChildCount: 1
15
0.859299 0.510972 0.022672 0.000000
-0.448858 0.774611 -0.445537 0.000000
-0.245219 0.372673 0.894976 -0.000000
-0.092238 0.107665 -0.023862 1.000000
0.510972 0.774611 0.372671 0.000000
0.022673 -0.445535 0.894976 0.000000
0.859299 -0.448858 -0.245219 -0.000000
-0.366195 0.022180 -1.615737 1.000000
BoneName: 979406544
BoneIndex: 15
ParentIndex: 14
ChildCount: 1
16
1.000000 0.000000 -0.000000 0.000000
0.000000 1.000000 -0.000000 0.000000
-0.000000 -0.000000 1.000000 -0.000000
-0.000000 0.063323 0.000000 1.000000
0.510972 0.774611 0.372671 0.000000
0.022673 -0.445535 0.894976 0.000000
0.859299 -0.448858 -0.245219 -0.000000
-0.366195 -0.041142 -1.615737 1.000000
BoneName: 979407120
BoneIndex: 16
ParentIndex: 15
ChildCount: 1
17
1.000000 0.000000 -0.000000 0.000000
0.000000 1.000000 -0.000000 0.000000
-0.000000 -0.000000 1.000000 -0.000000
-0.000000 0.059899 0.000000 1.000000
0.510972 0.774611 0.372671 0.000000
0.022673 -0.445535 0.894976 0.000000
0.859299 -0.448858 -0.245219 -0.000000
-0.366195 -0.101042 -1.615737 1.000000
BoneName: 979407696
BoneIndex: 17
ParentIndex: 16
ChildCount: 0
1.000000 0.000000 -0.000000 0.000000
0.000000 1.000000 -0.000000 0.000000
-0.000000 -0.000000 1.000000 -0.000000
-0.000000 0.057430 0.000000 1.000000
0.510972 0.774611 0.372671 0.000000
0.022673 -0.445535 0.894976 0.000000
0.859299 -0.448858 -0.245219 -0.000000
-0.366195 -0.158471 -1.615736 1.000000
BoneName: 997196992
BoneIndex: 18
ParentIndex: 13
ChildCount: 1
19
1.000000 0.000000 -0.000000 0.000000
0.000000 1.000000 -0.000000 0.000000
-0.000000 -0.000000 1.000000 -0.000000
-0.064038 0.264943 0.001710 1.000000
0.000001 1.000000 -0.000005 0.000000
-0.000000 0.000005 1.000000 0.000000
1.000000 -0.000001 0.000000 -0.000000
0.043380 -0.929360 -1.489799 1.000000
BoneName: 997197856
BoneIndex: 19
ParentIndex: 18
ChildCount: 1
20
1.000000 0.000000 -0.000000 0.000000
0.000000 1.000000 -0.000000 0.000000
-0.000000 -0.000000 1.000000 -0.000000
0.000000 0.087929 -0.000000 1.000000
0.000001 1.000000 -0.000003 0.000000
-0.000000 0.000003 1.000000 0.000000
1.000000 -0.000001 0.000000 -0.000000
0.043380 -1.017285 -1.489801 1.000000
BoneName: 997198048
BoneIndex: 20
ParentIndex: 19
ChildCount: 0
1.000000 0.000000 -0.000000 0.000000
0.000000 1.000000 -0.000000 0.000000
-0.000000 -0.000000 1.000000 -0.000000
0.000000 0.100752 0.000000 1.000000
0.000001 1.000000 -0.000003 0.000000
-0.000000 0.000003 1.000000 0.000000
1.000000 -0.000001 0.000000 -0.000000
0.043380 -1.118037 -1.489801 1.000000
BoneName: 997199680
BoneIndex: 21
ParentIndex: 13
ChildCount: 1
22
1.000000 0.000000 -0.000000 0.000000
0.000000 1.000000 -0.000000 0.000000
-0.000000 -0.000000 1.000000 -0.000000
0.000015 0.257911 -0.000167 1.000000
0.000000 1.000000 0.000005 0.000000
-0.000000 -0.000005 1.000000 0.000000
1.000000 -0.000000 -0.000000 -0.000000
-0.020672 -0.922312 -1.487931 1.000000
BoneName: 997196896
BoneIndex: 22
ParentIndex: 21
ChildCount: 1
23
1.000000 0.000000 -0.000000 0.000000
0.000000 1.000000 -0.000000 0.000000
-0.000000 -0.000000 1.000000 -0.000000
0.000000 0.093940 -0.000000 1.000000
0.000003 1.000000 0.000006 0.000000
-0.000000 -0.000006 1.000000 0.000000
1.000000 -0.000003 -0.000000 -0.000000
-0.020674 -1.016251 -1.487932 1.000000
BoneName: 997198432
BoneIndex: 23
ParentIndex: 22
ChildCount: 0
1.000000 0.000000 -0.000000 0.000000
0.000000 1.000000 -0.000000 0.000000
-0.000000 -0.000000 1.000000 -0.000000
0.000000 0.107719 -0.000000 1.000000
0.000003 1.000000 0.000006 0.000000
-0.000000 -0.000006 1.000000 0.000000
1.000000 -0.000003 -0.000000 -0.000000
-0.020674 -1.123970 -1.487933 1.000000
BoneName: 997199008
BoneIndex: 24
ParentIndex: 13
ChildCount: 1
25
1.000000 0.000000 -0.000000 0.000000
0.000000 1.000000 -0.000000 0.000000
-0.000000 -0.000000 1.000000 -0.000000
0.062273 0.246876 0.001278 1.000000
0.000002 1.000000 -0.000005 0.000000
-0.000000 0.000005 1.000000 0.000000
1.000000 -0.000002 0.000000 -0.000000
-0.082931 -0.911292 -1.489368 1.000000
BoneName: 997196224
BoneIndex: 25
ParentIndex: 24
ChildCount: 1
26
1.000000 0.000001 -0.000000 0.000000
-0.000001 1.000000 -0.000006 0.000000
-0.000000 0.000006 1.000000 -0.000000
0.000000 0.093938 -0.000000 1.000000
0.000003 1.000000 0.000006 0.000000
-0.000000 -0.000006 1.000000 0.000000
1.000000 -0.000003 -0.000000 -0.000000
-0.082932 -1.005213 -1.489379 1.000000
BoneName: 997199200
BoneIndex: 26
ParentIndex: 25
ChildCount: 0
1.000000 0.000000 -0.000000 0.000000
0.000000 1.000000 -0.000000 0.000000
-0.000000 -0.000000 1.000000 -0.000000
0.000000 0.099285 -0.000000 1.000000
0.000003 1.000000 0.000006 0.000000
-0.000000 -0.000006 1.000000 0.000000
1.000000 -0.000003 -0.000000 -0.000000
-0.082932 -1.104499 -1.489379 1.000000
BoneName: 997197568
BoneIndex: 27
ParentIndex: 13
ChildCount: 1
28
1.000000 0.000000 -0.000000 0.000000
0.000000 1.000000 -0.000000 0.000000
-0.000000 -0.000000 1.000000 -0.000000
0.128170 0.236820 0.001087 1.000000
0.000002 1.000000 -0.000002 0.000000
0.000000 0.000002 1.000000 0.000000
1.000000 -0.000002 0.000000 -0.000000
-0.148828 -0.901232 -1.489179 1.000000
BoneName: 997199296
BoneIndex: 28
ParentIndex: 27
ChildCount: 1
29
1.000000 0.000000 -0.000000 0.000000
0.000000 1.000000 -0.000000 0.000000
-0.000000 -0.000000 1.000000 -0.000000
0.000000 0.084251 -0.000000 1.000000
0.000001 1.000000 -0.000004 0.000000
-0.000000 0.000004 1.000000 0.000000
1.000000 -0.000001 0.000000 -0.000000
-0.148827 -0.985486 -1.489177 1.000000
BoneName: 997198240
BoneIndex: 29
ParentIndex: 28
ChildCount: 0
1.000000 0.000000 -0.000000 0.000000
0.000000 1.000000 -0.000000 0.000000
-0.000000 -0.000000 1.000000 -0.000000
0.000000 0.081470 -0.000000 1.000000
0.000001 1.000000 -0.000004 0.000000
-0.000000 0.000004 1.000000 0.000000
1.000000 -0.000001 0.000000 -0.000000
-0.148827 -1.066955 -1.489177 1.000000
BoneName: 997199872
BoneIndex: 30
ParentIndex: 4
ChildCount: 1
31
-0.011709 -0.002222 -0.999929 0.000000
-0.982396 -0.186431 0.011918 0.000000
-0.186445 0.982465 -0.000000 -0.000000
-0.065702 0.175958 0.027618 1.000000
-0.011708 -0.982396 -0.186444 0.000000
-0.002222 -0.186431 0.982465 0.000000
-0.999929 0.011917 -0.000000 -0.000000
0.021792 0.216551 -1.496541 1.000000
BoneName: 997197088
BoneIndex: 31
ParentIndex: 30
ChildCount: 1
32
0.999929 -0.011917 -0.000000 0.000000
0.011708 0.982396 0.186445 0.000000
-0.002222 -0.186431 0.982465 -0.000000
0.000000 0.121385 -0.000000 1.000000
0.000000 -1.000000 0.000000 0.000000
0.000000 0.000000 1.000000 0.000000
-1.000000 -0.000000 0.000000 -0.000000
0.020656 -0.185277 -1.488090 1.000000
BoneName: 997196704
BoneIndex: 32
ParentIndex: 31
ChildCount: 1
33
0.999848 -0.017452 -0.000000 0.000000
0.017452 0.999848 -0.000000 0.000000
-0.000000 -0.000000 1.000000 -0.000000
-0.000000 0.184696 -0.000000 1.000000
0.000000 -1.000000 0.000000 0.000000
0.000000 0.000000 1.000000 0.000000
-1.000000 -0.000000 0.000000 -0.000000
0.020656 -0.369973 -1.488090 1.000000
BoneName: 997196128
BoneIndex: 33
ParentIndex: 32
ChildCount: 5
34
38
41
44
47
1.000000 0.000000 -0.000000 0.000000
0.000000 1.000000 -0.000000 0.000000
-0.000000 -0.000000 1.000000 -0.000000
0.000000 0.295089 -0.000000 1.000000
0.000000 -1.000000 0.000000 0.000000
0.000000 0.000000 1.000000 0.000000
-1.000000 -0.000000 0.000000 -0.000000
0.020656 -0.665062 -1.488090 1.000000
BoneName: 997197280
BoneIndex: 34
ParentIndex: 33
ChildCount: 1
35
0.860766 -0.508707 -0.017271 0.000000
0.448862 0.774630 -0.445502 0.000000
0.240009 0.375720 0.895115 -0.000000
0.092238 0.107664 -0.023860 1.000000
0.508707 -0.774631 -0.375718 0.000000
-0.017272 -0.445500 0.895115 0.000000
-0.860766 -0.448862 -0.240009 -0.000000
0.356766 0.021606 -1.618163 1.000000
BoneName: 997198912
BoneIndex: 35
ParentIndex: 34
ChildCount: 1
36
1.000000 -0.000000 -0.000000 0.000000
0.000000 1.000000 -0.000078 0.000000
0.000000 0.000078 1.000000 -0.000000
-0.000000 0.063322 -0.000000 1.000000
0.508708 -0.774600 -0.375781 0.000000
-0.017271 -0.445572 0.895080 0.000000
-0.860766 -0.448844 -0.240044 -0.000000
0.356765 -0.041586 -1.618166 1.000000
BoneName: 997196512
BoneIndex: 36
ParentIndex: 35
ChildCount: 1
37
1.000000 -0.000016 -0.000000 0.000000
0.000016 1.000000 -0.000011 0.000000
0.000000 0.000011 1.000000 -0.000000
-0.000000 0.059901 -0.000000 1.000000
0.508720 -0.774588 -0.375789 0.000000
-0.017264 -0.445581 0.895075 0.000000
-0.860759 -0.448855 -0.240049 -0.000000
0.356768 -0.101464 -1.618167 1.000000
BoneName: 997196800
BoneIndex: 37
ParentIndex: 36
ChildCount: 0
1.000000 0.000000 -0.000000 0.000000
0.000000 1.000000 -0.000000 0.000000
-0.000000 -0.000000 1.000000 -0.000000
0.000000 0.057431 -0.000000 1.000000
0.508720 -0.774588 -0.375789 0.000000
-0.017264 -0.445581 0.895075 0.000000
-0.860759 -0.448855 -0.240049 -0.000000
0.356768 -0.158895 -1.618167 1.000000
BoneName: 999748496
BoneIndex: 38
ParentIndex: 33
ChildCount: 1
39
1.000000 0.000000 -0.000000 0.000000
0.000000 1.000000 -0.000000 0.000000
-0.000000 -0.000000 1.000000 -0.000000
0.064038 0.264943 0.001710 1.000000
0.000001 -1.000000 0.000000 0.000000
0.000000 0.000000 1.000000 0.000000
-1.000000 -0.000001 0.000000 -0.000000
-0.043381 -0.930005 -1.489800 1.000000
BoneName: 999749264
BoneIndex: 39
ParentIndex: 38
ChildCount: 1
40
1.000000 0.000000 -0.000000 0.000000
0.000000 1.000000 -0.000000 0.000000
-0.000000 -0.000000 1.000000 -0.000000
-0.000000 0.087925 0.000000 1.000000
0.000001 -1.000000 0.000000 0.000000
0.000000 0.000000 1.000000 0.000000
-1.000000 -0.000001 0.000000 -0.000000
-0.043380 -1.017930 -1.489800 1.000000
BoneName: 999746864
BoneIndex: 40
ParentIndex: 39
ChildCount: 0
1.000000 0.000000 -0.000000 0.000000
0.000000 1.000000 -0.000000 0.000000
-0.000000 -0.000000 1.000000 -0.000000
0.000000 0.100760 -0.000000 1.000000
0.000001 -1.000000 0.000000 0.000000
0.000000 0.000000 1.000000 0.000000
-1.000000 -0.000001 0.000000 -0.000000
-0.043380 -1.118690 -1.489800 1.000000
BoneName: 999748016
BoneIndex: 41
ParentIndex: 33
ChildCount: 1
42
1.000000 0.000000 -0.000000 0.000000
0.000000 1.000000 -0.000000 0.000000
-0.000000 -0.000000 1.000000 -0.000000
-0.000015 0.257911 -0.000160 1.000000
0.000000 -1.000000 0.000000 0.000000
0.000000 0.000000 1.000000 0.000000
-1.000000 -0.000000 0.000000 -0.000000
0.020671 -0.922973 -1.487930 1.000000
BoneName: 999749840
BoneIndex: 42
ParentIndex: 41
ChildCount: 1
43
1.000000 0.000000 -0.000000 0.000000
0.000000 1.000000 -0.000000 0.000000
-0.000000 -0.000000 1.000000 -0.000000
-0.000000 0.093937 -0.000000 1.000000
0.000002 -1.000000 0.000000 0.000000
0.000000 0.000000 1.000000 0.000000
-1.000000 -0.000002 0.000000 -0.000000
0.020673 -1.016910 -1.487930 1.000000
BoneName: 999748304
BoneIndex: 43
ParentIndex: 42
ChildCount: 0
1.000000 0.000000 -0.000000 0.000000
0.000000 1.000000 -0.000000 0.000000
-0.000000 -0.000000 1.000000 -0.000000
-0.000000 0.107720 -0.000000 1.000000
0.000002 -1.000000 0.000000 0.000000
0.000000 0.000000 1.000000 0.000000
-1.000000 -0.000002 0.000000 -0.000000
0.020673 -1.124630 -1.487930 1.000000
BoneName: 999749168
BoneIndex: 44
ParentIndex: 33
ChildCount: 1
45
1.000000 0.000000 -0.000000 0.000000
0.000000 1.000000 -0.000000 0.000000
-0.000000 -0.000000 1.000000 -0.000000
-0.062273 0.246876 0.001280 1.000000
0.000002 -1.000000 0.000000 0.000000
-0.000000 0.000000 1.000000 0.000000
-1.000000 -0.000002 0.000000 -0.000000
0.082931 -0.911938 -1.489370 1.000000
BoneName: 999747632
BoneIndex: 45
ParentIndex: 44
ChildCount: 1
46
1.000000 0.000000 -0.000000 0.000000
0.000000 1.000000 -0.000000 0.000000
-0.000000 -0.000000 1.000000 -0.000000
-0.000000 0.093942 -0.000000 1.000000
0.000003 -1.000000 0.000000 0.000000
-0.000000 0.000000 1.000000 0.000000
-1.000000 -0.000003 0.000000 -0.000000
0.082932 -1.005880 -1.489370 1.000000
BoneName: 999749360
BoneIndex: 46
ParentIndex: 45
ChildCount: 0
1.000000 0.000000 -0.000000 0.000000
0.000000 1.000000 -0.000000 0.000000
-0.000000 -0.000000 1.000000 -0.000000
-0.000000 0.099280 -0.000000 1.000000
0.000003 -1.000000 0.000000 0.000000
-0.000000 0.000000 1.000000 0.000000
-1.000000 -0.000003 0.000000 -0.000000
0.082932 -1.105160 -1.489370 1.000000
BoneName: 999746480
BoneIndex: 47
ParentIndex: 33
ChildCount: 1
48
1.000000 0.000000 -0.000000 0.000000
0.000000 1.000000 -0.000000 0.000000
-0.000000 -0.000000 1.000000 -0.000000
-0.128170 0.236820 0.001090 1.000000
0.000000 -1.000000 0.000000 0.000000
0.000000 0.000000 1.000000 0.000000
-1.000000 -0.000000 0.000000 -0.000000
0.148826 -0.901882 -1.489180 1.000000
BoneName: 999747728
BoneIndex: 48
ParentIndex: 47
ChildCount: 1
49
1.000000 0.000000 -0.000000 0.000000
0.000000 1.000000 -0.000000 0.000000
-0.000000 -0.000000 1.000000 -0.000000
-0.000000 0.084251 -0.000000 1.000000
0.000000 -1.000000 0.000000 0.000000
0.000000 0.000000 1.000000 0.000000
-1.000000 -0.000000 0.000000 -0.000000
0.148826 -0.986133 -1.489180 1.000000
BoneName: 999748784
BoneIndex: 49
ParentIndex: 48
ChildCount: 0
1.000000 0.000000 -0.000000 0.000000
0.000000 1.000000 -0.000000 0.000000
-0.000000 -0.000000 1.000000 -0.000000
0.000000 0.081467 0.000000 1.000000
0.000000 -1.000000 0.000000 0.000000
0.000000 0.000000 1.000000 0.000000
-1.000000 -0.000000 0.000000 -0.000000
0.148826 -1.067600 -1.489180 1.000000
BoneName: 999746768
BoneIndex: 50
ParentIndex: 1
ChildCount: 1
51
-1.000000 0.000002 -0.000000 0.000000
-0.000002 -0.993503 -0.113804 0.000000
-0.000000 -0.113804 0.993503 -0.000000
0.113941 -0.061878 0.004138 1.000000
-1.000000 0.000000 0.000000 0.000000
-0.000000 -0.993503 -0.113804 0.000000
0.000000 -0.113804 0.993503 -0.000000
0.113639 0.964373 0.110432 1.000000
BoneName: 999748112
BoneIndex: 51
ParentIndex: 50
ChildCount: 1
52
1.000000 -0.000000 -0.000000 0.000000
0.000000 0.969335 0.245743 0.000000
-0.000000 -0.245743 0.969335 -0.000000
0.000000 0.325338 0.000000 1.000000
-1.000000 -0.000000 0.000000 0.000000
0.000000 -0.991004 0.133833 0.000000
0.000000 0.133833 0.991004 -0.000000
0.113639 0.646577 -0.049993 1.000000
BoneName: 999747344
BoneIndex: 52
ParentIndex: 51
ChildCount: 1
53
0.977152 0.080682 -0.196633 0.000000
-0.211548 0.458540 -0.863127 0.000000
0.020525 0.885003 0.465132 -0.000000
0.000000 0.486480 0.000000 1.000000
-0.977152 0.211548 -0.020525 0.000000
-0.106272 -0.569930 -0.814792 0.000000
-0.184066 -0.793994 0.579390 -0.000000
0.133789 0.092521 0.120765 1.000000
BoneName: 999749072
BoneIndex: 53
ParentIndex: 52
ChildCount: 1
54
0.994305 -0.054264 -0.091727 0.000000
-0.008059 0.819927 -0.572412 0.000000
0.106271 0.569891 0.814820 -0.000000
0.000000 0.290000 0.000000 1.000000
-0.981183 0.193078 -0.000008 0.000000
-0.000002 -0.000048 -1.000000 0.000000
-0.193078 -0.981183 0.000047 -0.000000
0.132666 -0.232124 0.000078 1.000000
BoneName: 999748880
BoneIndex: 54
ParentIndex: 53
ChildCount: 0
1.000000 0.000000 -0.000000 0.000000
0.000000 1.000000 -0.000000 0.000000
-0.000000 -0.000000 1.000000 -0.000000
0.000000 0.235123 -0.000000 1.000000
-0.981183 0.193078 -0.000008 0.000000
-0.000002 -0.000048 -1.000000 0.000000
-0.193078 -0.981183 0.000047 -0.000000
0.132666 -0.467247 0.000078 1.000000
BoneName: 999746192
BoneIndex: 55
ParentIndex: 1
ChildCount: 1
56
-1.000000 0.000006 -0.000005 0.000000
-0.000006 -0.993503 -0.113805 0.000000
-0.000006 -0.113805 0.993503 -0.000000
-0.113941 -0.061878 0.004138 1.000000
-1.000000 0.000000 0.000000 0.000000
-0.000000 -0.993503 -0.113804 0.000000
0.000000 -0.113804 0.993503 -0.000000
-0.114243 0.964373 0.110432 1.000000
BoneName: 999746576
BoneIndex: 56
ParentIndex: 55
ChildCount: 1
57
1.000000 0.000009 0.000000 0.000000
-0.000008 0.969335 0.245745 0.000000
0.000002 -0.245745 0.969335 -0.000000
0.000000 0.325338 -0.000000 1.000000
-1.000000 0.000000 0.000000 0.000000
0.000000 -0.991004 0.133833 0.000000
0.000000 0.133833 0.991004 -0.000000
-0.114243 0.646577 -0.049993 1.000000
BoneName: 999747824
BoneIndex: 57
ParentIndex: 56
ChildCount: 1
58
0.977150 -0.080682 0.196641 0.000000
0.211556 0.458533 -0.863129 0.000000
-0.020527 0.885007 0.465124 -0.000000
0.000000 0.486480 0.000000 1.000000
-0.977152 -0.211549 0.020526 0.000000
0.106270 -0.569924 -0.814796 0.000000
0.184068 -0.793998 0.579384 -0.000000
-0.134380 0.092392 0.120779 1.000000
BoneName: 998923488
BoneIndex: 58
ParentIndex: 57
ChildCount: 1
59
0.994304 0.054268 0.091726 0.000000
0.008055 0.819927 -0.572411 0.000000
-0.106272 0.569890 0.814820 -0.000000
0.000000 0.290000 -0.000000 1.000000
-0.981184 -0.193075 0.000010 0.000000
-0.000002 -0.000041 -1.000000 0.000000
0.193075 -0.981184 0.000040 -0.000000
-0.133259 -0.232242 0.000079 1.000000
BoneName: 998921760
BoneIndex: 59
ParentIndex: 58
ChildCount: 0
1.000000 0.000000 -0.000000 0.000000
0.000000 1.000000 -0.000000 0.000000
-0.000000 -0.000000 1.000000 -0.000000
0.000000 0.235120 0.000000 1.000000
-0.981184 -0.193075 0.000010 0.000000
-0.000002 -0.000041 -1.000000 0.000000
0.193075 -0.981184 0.000040 -0.000000
-0.133259 -0.467362 0.000079 1.000000
BoneName: 997879304
BoneIndex: 60
ParentIndex: 0
ChildCount: 0
1.000000 0.000000 -0.000000 0.000000
0.000000 1.000000 -0.000000 0.000000
-0.000000 -0.000000 1.000000 -0.000000
0.000000 0.000000 -0.000000 1.000000
1.000000 0.000000 0.000000 0.000000
0.000000 1.000000 0.000000 0.000000
0.000000 0.000000 1.000000 0.000000
0.000000 0.000000 0.000000 1.000000
BoneName: 997880904
BoneIndex: 61
ParentIndex: 0
ChildCount: 0
1.000000 0.000000 -0.000000 0.000000
0.000000 1.000000 -0.000000 0.000000
-0.000000 -0.000000 1.000000 -0.000000
0.000000 0.000000 -0.000000 1.000000
1.000000 0.000000 0.000000 0.000000
0.000000 1.000000 0.000000 0.000000
0.000000 0.000000 1.000000 0.000000
0.000000 0.000000 0.000000 1.000000
